-0.037612 
-0.037593 
-0.037475 
-0.037265 
-0.036998 
-0.036736 
-0.036541 
-0.036466 
-0.036543 
-0.036762 
-0.037076 
-0.037417 
-0.037705 
-0.037858 
-0.037830 
-0.037611 
-0.037220 
-0.036719 
-0.036187 
-0.035697 
-0.035318 
-0.035094 
-0.035029 
-0.035112 
-0.035314 
-0.035591 
-0.035908 
-0.036246 
-0.036582 
-0.036911 
-0.037235 
-0.037537 
-0.037801 
-0.038013 
-0.038137 
-0.038152 
-0.038059 
-0.037856 
-0.037572 
-0.037261 
-0.036969 
-0.036750 
-0.036658 
-0.036708 
-0.036905 
-0.037241 
-0.037672 
-0.038155 
-0.038649 
-0.039103 
-0.039477 
-0.039751 
-0.039895 
-0.039896 
-0.039759 
-0.039482 
-0.039080 
-0.038591 
-0.038046 
-0.037490 
-0.036979 
-0.036549 
-0.036226 
-0.036025 
-0.035931 
-0.035912 
-0.035935 
-0.035960 
-0.035958 
-0.035924 
-0.035866 
-0.035811 
-0.035798 
-0.035858 
-0.036014 
-0.036266 
-0.036593 
-0.036960 
-0.037327 
-0.037651 
-0.037912 
-0.038103 
-0.038233 
-0.038326 
-0.038401 
-0.038467 
-0.038516 
-0.038524 
-0.038456 
-0.038279 
-0.037978 
-0.037568 
-0.037093 
-0.036624 
-0.036247 
-0.036035 
-0.036030 
-0.036235 
-0.036591 
-0.036993 
-0.037323 
-0.037452 
-0.037281 
-0.036777 
-0.035964 
-0.034922 
-0.033788 
-0.032704 
-0.031792 
-0.031142 
-0.030783 
-0.030677 
-0.030761 
-0.030945 
-0.031143 
-0.031315 
-0.031455 
-0.031589 
-0.031781 
-0.032087 
-0.032531 
-0.033110 
-0.033765 
-0.034396 
-0.034902 
-0.035184 
-0.035181 
-0.034902 
-0.034408 
-0.033803 
-0.033230 
-0.032812 
-0.032626 
-0.032709 
-0.033018 
-0.033452 
-0.033895 
-0.034220 
-0.034324 
-0.034174 
-0.033787 
-0.033223 
-0.032590 
-0.031997 
-0.031520 
-0.031212 
-0.031072 
-0.031053 
-0.031091 
-0.031123 
-0.031090 
-0.030978 
-0.030807 
-0.030616 
-0.030466 
-0.030413 
-0.030481 
-0.030670 
-0.030949 
-0.031257 
-0.031531 
-0.031719 
-0.031790 
-0.031749 
-0.031634 
-0.031503 
-0.031421 
-0.031445 
-0.031607 
-0.031906 
-0.032308 
-0.032757 
-0.033177 
-0.033500 
-0.033674 
-0.033665 
-0.033476 
-0.033137 
-0.032689 
-0.032191 
-0.031704 
-0.031269 
-0.030919 
-0.030673 
-0.030514 
-0.030425 
-0.030379 
-0.030330 
-0.030249 
-0.030117 
-0.029912 
-0.029641 
-0.029330 
-0.028999 
-0.028684 
-0.028428 
-0.028244 
-0.028141 
-0.028126 
-0.028166 
-0.028234 
-0.028317 
-0.028389 
-0.028452 
-0.028536 
-0.028668 
-0.028883 
-0.029223 
-0.029688 
-0.030257 
-0.030890 
-0.031505 
-0.032022 
-0.032377 
-0.032518 
-0.032443 
-0.032203 
-0.031868 
-0.031537 
-0.031313 
-0.031259 
-0.031403 
-0.031731 
-0.032172 
-0.032634 
-0.033032 
-0.033289 
-0.033375 
-0.033309 
-0.033146 
-0.032962 
-0.032843 
-0.032837 
-0.032954 
-0.033163 
-0.033389 
-0.033537 
-0.033531 
-0.033316 
-0.032888 
-0.032299 
-0.031636 
-0.030997 
-0.030473 
-0.030116 
-0.029918 
-0.029824 
-0.029746 
-0.029574 
-0.029229 
-0.028684 
-0.027965 
-0.027165 
-0.026425 
-0.025887 
-0.025666 
-0.025834 
-0.026377 
-0.027208 
-0.028198 
-0.029189 
-0.030035 
-0.030654 
-0.031025 
-0.031196 
-0.031282 
-0.031417 
-0.031716 
-0.032268 
-0.033095 
-0.034142 
-0.035321 
-0.036516 
-0.037605 
-0.038521 
-0.039242 
-0.039786 
-0.040230 
-0.040654 
-0.041114 
-0.041643 
-0.042218 
-0.042755 
-0.043158 
-0.043315 
-0.043133 
-0.042578 
-0.041669 
-0.040469 
-0.039102 
-0.037691 
-0.036342 
-0.035142 
-0.034118 
-0.033243 
-0.032473 
-0.031741 
-0.030979 
-0.030166 
-0.029310 
-0.028445 
-0.027650 
-0.027005 
-0.026568 
-0.026386 
-0.026470 
-0.026784 
-0.027284 
-0.027910 
-0.028601 
-0.029318 
-0.030046 
-0.030784 
-0.031549 
-0.032364 
-0.033242 
-0.034182 
-0.035175 
-0.036191 
-0.037200 
-0.038178 
-0.039107 
-0.039988 
-0.040839 
-0.041687 
-0.042560 
-0.043487 
-0.044480 
-0.045526 
-0.046604 
-0.047670 
-0.048665 
-0.049531 
-0.050216 
-0.050669 
-0.050865 
-0.050796 
-0.050467 
-0.049908 
-0.049167 
-0.048294 
-0.047350 
-0.046398 
-0.045483 
-0.044640 
-0.043888 
-0.043215 
-0.042597 
-0.042003 
-0.041386 
-0.040710 
-0.039961 
-0.039130 
-0.038236 
-0.037319 
-0.036412 
-0.035555 
-0.034784 
-0.034103 
-0.033506 
-0.032983 
-0.032505 
-0.032057 
-0.031648 
-0.031289 
-0.031019 
-0.030898 
-0.030964 
-0.031254 
-0.031788 
-0.032537 
-0.033455 
-0.034484 
-0.035546 
-0.036580 
-0.037559 
-0.038468 
-0.039328 
-0.040190 
-0.041089 
-0.042055 
-0.043106 
-0.044207 
-0.045299 
-0.046319 
-0.047185 
-0.047834 
-0.048246 
-0.048431 
-0.048433 
-0.048333 
-0.048211 
-0.048133 
-0.048146 
-0.048255 
-0.048424 
-0.048599 
-0.048710 
-0.048694 
-0.048516 
-0.048168 
-0.047669 
-0.047065 
-0.046404 
-0.045721 
-0.045037 
-0.044343 
-0.043606 
-0.042788 
-0.041858 
-0.040806 
-0.039656 
-0.038474 
-0.037342 
-0.036359 
-0.035612 
-0.035150 
-0.034975 
-0.035043 
-0.035258 
-0.035498 
-0.035649 
-0.035613 
-0.035334 
-0.034825 
-0.034141 
-0.033373 
-0.032644 
-0.032060 
-0.031690 
-0.031578 
-0.031710 
-0.032030 
-0.032475 
-0.032972 
-0.033459 
-0.033922 
-0.034367 
-0.034824 
-0.035351 
-0.035985 
-0.036741 
-0.037616 
-0.038561 
-0.039497 
-0.040352 
-0.041052 
-0.041544 
-0.041832 
-0.041949 
-0.041960 
-0.041962 
-0.042039 
-0.042246 
-0.042615 
-0.043120 
-0.043688 
-0.044233 
-0.044647 
-0.044832 
-0.044739 
-0.044351 
-0.043695 
-0.042847 
-0.041899 
-0.040938 
-0.040042 
-0.039256 
-0.038576 
-0.037978 
-0.037410 
-0.036814 
-0.036149 
-0.035400 
-0.034581 
-0.033739 
-0.032941 
-0.032250 
-0.031721 
-0.031383 
-0.031228 
-0.031220 
-0.031309 
-0.031437 
-0.031559 
-0.031661 
-0.031759 
-0.031893 
-0.032125 
-0.032513 
-0.033090 
-0.033858 
-0.034779 
-0.035769 
-0.036727 
-0.037550 
-0.038143 
-0.038462 
-0.038512 
-0.038338 
-0.038029 
-0.037698 
-0.037438 
-0.037321 
-0.037380 
-0.037583 
-0.037867 
-0.038150 
-0.038328 
-0.038327 
-0.038111 
-0.037669 
-0.037039 
-0.036288 
-0.035477 
-0.034667 
-0.033906 
-0.033196 
-0.032530 
-0.031897 
-0.031271 
-0.030654 
-0.030083 
-0.029598 
-0.029270 
-0.029177 
-0.029361 
-0.029844 
-0.030613 
-0.031596 
-0.032700 
-0.033827 
-0.034867 
-0.035745 
-0.036432 
-0.036922 
-0.037251 
-0.037486 
-0.037678 
-0.037873 
-0.038104 
-0.038359 
-0.038605 
-0.038812 
-0.038936 
-0.038942 
-0.038833 
-0.038622 
-0.038331 
-0.038002 
-0.037664 
-0.037321 
-0.036976 
-0.036607 
-0.036174 
-0.035652 
-0.035026 
-0.034294 
-0.033483 
-0.032637 
-0.031800 
-0.031016 
-0.030318 
-0.029705 
-0.029162 
-0.028660 
-0.028161 
-0.027639 
-0.027097 
-0.026558 
-0.026077 
-0.025730 
-0.025595 
-0.025736 
-0.026194 
-0.026967 
-0.028012 
-0.029253 
-0.030588 
-0.031905 
-0.033108 
-0.034116 
-0.034882 
-0.035397 
-0.035675 
-0.035750 
-0.035674 
-0.035494 
-0.035248 
-0.034979 
-0.034711 
-0.034460 
-0.034253 
-0.034107 
-0.034029 
-0.034045 
-0.034156 
-0.034350 
-0.034616 
-0.034916 
-0.035193 
-0.035403 
-0.035489 
-0.035401 
-0.035123 
-0.034653 
-0.034010 
-0.033253 
-0.032449 
-0.031669 
-0.030999 
-0.030503 
-0.030217 
-0.030167 
-0.030343 
-0.030701 
-0.031194 
-0.031756 
-0.032316 
-0.032826 
-0.033249 
-0.033563 
-0.033777 
-0.033913 
-0.033994 
-0.034056 
-0.034122 
-0.034198 
-0.034286 
-0.034370 
-0.034428 
-0.034444 
-0.034405 
-0.034309 
-0.034171 
-0.034012 
-0.033853 
-0.033716 
-0.033608 
-0.033520 
-0.033436 
-0.033328 
-0.033173 
-0.032957 
-0.032689 
-0.032398 
-0.032135 
-0.031961 
-0.031935 
-0.032095 
-0.032455 
-0.032991 
-0.033639 
-0.034316 
-0.034934 
-0.035408 
-0.035686 
-0.035764 
-0.035671 
-0.035484 
-0.035303 
-0.035221 
-0.035318 
-0.035644 
-0.036191 
-0.036912 
-0.037736 
-0.038558 
-0.039288 
-0.039863 
-0.040238 
-0.040416 
-0.040437 
-0.040344 
-0.040195 
-0.040043 
-0.039903 
-0.039777 
-0.039653 
-0.039491 
-0.039264 
-0.038969 
-0.038603 
-0.038202 
-0.037826 
-0.037526 
-0.037354 
-0.037355 
-0.037526 
-0.037843 
-0.038263 
-0.038712 
-0.039120 
-0.039440 
-0.039631 
-0.039691 
-0.039657 
-0.039568 
-0.039485 
-0.039471 
-0.039559 
-0.039762 
-0.040076 
-0.040455 
-0.040847 
-0.041205 
-0.041476 
-0.041633 
-0.041680 
-0.041633 
-0.041530 
-0.041422 
-0.041352 
-0.041348 
-0.041429 
-0.041586 
-0.041794 
-0.042025 
-0.042246 
-0.042432 
-0.042578 
-0.042689 
-0.042778 
-0.042868 
-0.042977 
-0.043106 
-0.043246 
-0.043377 
-0.043463 
-0.043478 
-0.043413 
-0.043274 
-0.043098 
-0.042949 
-0.042900 
-0.043024 
-0.043382 
-0.043998 
-0.044853 
-0.045895 
-0.047034 
-0.048155 
-0.049159 
-0.049961 
-0.050505 
-0.050791 
-0.050852 
-0.050741 
-0.050536 
-0.050304 
-0.050084 
-0.049901 
-0.049750 
-0.049597 
-0.049422 
-0.049207 
-0.048944 
-0.048664 
-0.048412 
-0.048229 
-0.048163 
-0.048234 
-0.048420 
-0.048682 
-0.048948 
-0.049129 
-0.049161 
-0.048996 
-0.048624 
-0.048091 
-0.047473 
-0.046861 
-0.046362 
-0.046055 
-0.045977 
-0.046140 
-0.046507 
-0.047004 
-0.047567 
-0.048129 
-0.048637 
-0.049087 
-0.049497 
-0.049892 
-0.050325 
-0.050831 
-0.051415 
-0.052069 
-0.052760 
-0.053425 
-0.054014 
-0.054487 
-0.054813 
-0.055000 
-0.055080 
-0.055096 
-0.055097 
-0.055132 
-0.055224 
-0.055378 
-0.055583 
-0.055811 
-0.056030 
-0.056220 
-0.056372 
-0.056495 
-0.056613 
-0.056760 
-0.056962 
-0.057237 
-0.057580 
-0.057963 
-0.058337 
-0.058640 
-0.058809 
-0.058791 
-0.058561 
-0.058116 
-0.057488 
-0.056742 
-0.055947 
-0.055185 
-0.054531 
-0.054029 
-0.053701 
-0.053543 
-0.053514 
-0.053562 
-0.053635 
-0.053675 
-0.053646 
-0.053542 
-0.053363 
-0.053134 
-0.052898 
-0.052678 
-0.052494 
-0.052357 
-0.052247 
-0.052135 
-0.051998 
-0.051804 
-0.051543 
-0.051238 
-0.050920 
-0.050641 
-0.050472 
-0.050460 
-0.050640 
-0.051027 
-0.051589 
-0.052279 
-0.053040 
-0.053800 
-0.054511 
-0.055155 
-0.055723 
-0.056242 
-0.056752 
-0.057277 
-0.057831 
-0.058410 
-0.058969 
-0.059444 
-0.059781 
-0.059918 
-0.059822 
-0.059511 
-0.059027 
-0.058443 
-0.057854 
-0.057345 
-0.056971 
-0.056763 
-0.056704 
-0.056745 
-0.056821 
-0.056863 
-0.056817 
-0.056656 
-0.056381 
-0.056009 
-0.055572 
-0.055091 
-0.054568 
-0.053986 
-0.053306 
-0.052485 
-0.051489 
-0.050317 
-0.049005 
-0.047631 
-0.046308 
-0.045161 
-0.044302 
-0.043813 
-0.043719 
-0.043986 
-0.044534 
-0.045242 
-0.045978 
-0.046635 
-0.047137 
-0.047450 
-0.047598 
-0.047631 
-0.047611 
-0.047607 
-0.047663 
-0.047785 
-0.047972 
-0.048194 
-0.048418 
-0.048632 
-0.048840 
-0.049061 
-0.049344 
-0.049731 
-0.050245 
-0.050895 
-0.051650 
-0.052436 
-0.053174 
-0.053770 
-0.054132 
-0.054215 
-0.054005 
-0.053520 
-0.052830 
-0.052022 
-0.051179 
-0.050395 
-0.049735 
-0.049228 
-0.048895 
-0.048726 
-0.048683 
-0.048742 
-0.048866 
-0.049013 
-0.049165 
-0.049300 
-0.049395 
-0.049451 
-0.049466 
-0.049442 
-0.049395 
-0.049347 
-0.049310 
-0.049310 
-0.049359 
-0.049457 
-0.049602 
-0.049779 
-0.049968 
-0.050152 
-0.050317 
-0.050455 
-0.050570 
-0.050667 
-0.050752 
-0.050828 
-0.050892 
-0.050933 
-0.050938 
-0.050902 
-0.050827 
-0.050733 
-0.050655 
-0.050641 
-0.050732 
-0.050960 
-0.051331 
-0.051810 
-0.052333 
-0.052814 
-0.053150 
-0.053263 
-0.053109 
-0.052686 
-0.052053 
-0.051313 
-0.050584 
-0.049991 
-0.049632 
-0.049547 
-0.049730 
-0.050126 
-0.050637 
-0.051167 
-0.051639 
-0.052001 
-0.052255 
-0.052446 
-0.052625 
-0.052856 
-0.053181 
-0.053592 
-0.054052 
-0.054501 
-0.054853 
-0.055051 
-0.055083 
-0.054970 
-0.054792 
-0.054665 
-0.054694 
-0.054969 
-0.055533 
-0.056354 
-0.057348 
-0.058399 
-0.059366 
-0.060138 
-0.060666 
-0.060947 
-0.061048 
-0.061087 
-0.061177 
-0.061415 
-0.061862 
-0.062496 
-0.063244 
-0.064006 
-0.064655 
-0.065094 
-0.065286 
-0.065240 
-0.065027 
-0.064762 
-0.064556 
-0.064497 
-0.064633 
-0.064945 
-0.065361 
-0.065785 
-0.066109 
-0.066254 
-0.066191 
-0.065939 
-0.065562 
-0.065152 
-0.064793 
-0.064534 
-0.064379 
-0.064274 
-0.064126 
-0.063826 
-0.063281 
-0.062438 
-0.061310 
-0.059978 
-0.058571 
-0.057247 
-0.056162 
-0.055430 
-0.055104 
-0.055176 
-0.055568 
-0.056163 
-0.056838 
-0.057481 
-0.058014 
-0.058423 
-0.058733 
-0.058999 
-0.059305 
-0.059720 
-0.060283 
-0.061015 
-0.061899 
-0.062886 
-0.063940 
-0.065021 
-0.066100 
-0.067187 
-0.068303 
-0.069464 
-0.070701 
-0.072021 
-0.073393 
-0.074776 
-0.076103 
-0.077286 
-0.078258 
-0.078962 
-0.079360 
-0.079459 
-0.079289 
-0.078891 
-0.078333 
-0.077675 
-0.076956 
-0.076219 
-0.075480 
-0.074737 
-0.073995 
-0.073247 
-0.072485 
-0.071725 
-0.070977 
-0.070253 
-0.069581 
-0.068980 
-0.068451 
-0.068009 
-0.067648 
-0.067351 
-0.067108 
-0.066902 
-0.066709 
-0.066522 
-0.066330 
-0.066121 
-0.065895 
-0.065650 
-0.065380 
-0.065085 
-0.064764 
-0.064414 
-0.064037 
-0.063644 
-0.063246 
-0.062864 
-0.062529 
-0.062269 
-0.062117 
-0.062102 
-0.062239 
-0.062527 
-0.062952 
-0.063485 
-0.064072 
-0.064663 
-0.065205 
-0.065650 
-0.065972 
-0.066172 
-0.066264 
-0.066289 
-0.066309 
-0.066376 
-0.066546 
-0.066859 
-0.067326 
-0.067937 
-0.068667 
-0.069460 
-0.070263 
-0.071033 
-0.071721 
-0.072306 
-0.072786 
-0.073159 
-0.073440 
-0.073650 
-0.073787 
-0.073852 
-0.073839 
-0.073723 
-0.073492 
-0.073147 
-0.072686 
-0.072139 
-0.071555 
-0.070975 
-0.070450 
-0.070030 
-0.069723 
-0.069524 
-0.069408 
-0.069314 
-0.069181 
-0.068961 
-0.068605 
-0.068101 
-0.067476 
-0.066765 
-0.066026 
-0.065334 
-0.064731 
-0.064239 
-0.063864 
-0.063563 
-0.063278 
-0.062951 
-0.062524 
-0.061957 
-0.061256 
-0.060447 
-0.059583 
-0.058738 
-0.057973 
-0.057336 
-0.056849 
-0.056499 
-0.056247 
-0.056045 
-0.055840 
-0.055598 
-0.055310 
-0.054994 
-0.054693 
-0.054463 
-0.054355 
-0.054406 
-0.054622 
-0.054987 
-0.055459 
-0.055988 
-0.056533 
-0.057073 
-0.057614 
-0.058202 
-0.058899 
-0.059773 
-0.060883 
-0.062255 
-0.063864 
-0.065646 
-0.067493 
-0.069267 
-0.070842 
-0.072109 
-0.072993 
-0.073488 
-0.073629 
-0.073487 
-0.073168 
-0.072771 
-0.072371 
-0.072024 
-0.071741 
-0.071495 
-0.071253 
-0.070965 
-0.070585 
-0.070099 
-0.069507 
-0.068819 
-0.068073 
-0.067298 
-0.066504 
-0.065703 
-0.064878 
-0.063995 
-0.063033 
-0.061969 
-0.060790 
-0.059527 
-0.058224 
-0.056940 
-0.055761 
-0.054761 
-0.053992 
-0.053501 
-0.053296 
-0.053347 
-0.053623 
-0.054066 
-0.054611 
-0.055214 
-0.055843 
-0.056475 
-0.057116 
-0.057787 
-0.058499 
-0.059273 
-0.060120 
-0.061023 
-0.061960 
-0.062899 
-0.063790 
-0.064594 
-0.065287 
-0.065851 
-0.066296 
-0.066651 
-0.066949 
-0.067232 
-0.067541 
-0.067892 
-0.068291 
-0.068729 
-0.069179 
-0.069615 
-0.070017 
-0.070375 
-0.070699 
-0.071015 
-0.071352 
-0.071738 
-0.072186 
-0.072684 
-0.073189 
-0.073639 
-0.073959 
-0.074073 
-0.073936 
-0.073538 
-0.072911 
-0.072134 
-0.071318 
-0.070578 
-0.070017 
-0.069708 
-0.069665 
-0.069856 
-0.070210 
-0.070619 
-0.070988 
-0.071243 
-0.071340 
-0.071288 
-0.071136 
-0.070940 
-0.070763 
-0.070653 
-0.070603 
-0.070578 
-0.070525 
-0.070358 
-0.070019 
-0.069496 
-0.068806 
-0.068023 
-0.067271 
-0.066662 
-0.066299 
-0.066254 
-0.066516 
-0.067018 
-0.067658 
-0.068287 
-0.068771 
-0.069025 
-0.069001 
-0.068724 
-0.068285 
-0.067787 
-0.067346 
-0.067060 
-0.066968 
-0.067057 
-0.067278 
-0.067541 
-0.067753 
-0.067855 
-0.067817 
-0.067659 
-0.067443 
-0.067251 
-0.067163 
-0.067241 
-0.067502 
-0.067921 
-0.068444 
-0.068992 
-0.069491 
-0.069890 
-0.070170 
-0.070351 
-0.070476 
-0.070600 
-0.070765 
-0.070985 
-0.071241 
-0.071474 
-0.071606 
-0.071560 
-0.071274 
-0.070729 
-0.069955 
-0.069025 
-0.068044 
-0.067130 
-0.066386 
-0.065874 
-0.065612 
-0.065563 
-0.065646 
-0.065762 
-0.065806 
-0.065694 
-0.065384 
-0.064872 
-0.064193 
-0.063418 
-0.062619 
-0.061863 
-0.061204 
-0.060661 
-0.060226 
-0.059882 
-0.059595 
-0.059334 
-0.059092 
-0.058871 
-0.058676 
-0.058540 
-0.058476 
-0.058474 
-0.058525 
-0.058584 
-0.058584 
-0.058470 
-0.058189 
-0.057697 
-0.057004 
-0.056144 
-0.055173 
-0.054185 
-0.053269 
-0.052492 
-0.051913 
-0.051545 
-0.051354 
-0.051295 
-0.051295 
-0.051268 
-0.051162 
-0.050941 
-0.050594 
-0.050155 
-0.049676 
-0.049208 
-0.048811 
-0.048522 
-0.048344 
-0.048266 
-0.048252 
-0.048248 
-0.048217 
-0.048126 
-0.047963 
-0.047742 
-0.047495 
-0.047250 
-0.047043 
-0.046888 
-0.046774 
-0.046676 
-0.046555 
-0.046363 
-0.046066 
-0.045654 
-0.045136 
-0.044550 
-0.043954 
-0.043402 
-0.042936 
-0.042585 
-0.042335 
-0.042145 
-0.041957 
-0.041703 
-0.041318 
-0.040774 
-0.040068 
-0.039229 
-0.038322 
-0.037425 
-0.036605 
-0.035925 
-0.035417 
-0.035071 
-0.034861 
-0.034742 
-0.034653 
-0.034548 
-0.034402 
-0.034199 
-0.033945 
-0.033669 
-0.033380 
-0.033092 
-0.032812 
-0.032514 
-0.032173 
-0.031769 
-0.031271 
-0.030672 
-0.029991 
-0.029249 
-0.028490 
-0.027768 
-0.027114 
-0.026557 
-0.026109 
-0.025746 
-0.025433 
-0.025133 
-0.024786 
-0.024347 
-0.023794 
-0.023096 
-0.022256 
-0.021298 
-0.020235 
-0.019103 
-0.017947 
-0.016793 
-0.015674 
-0.014629 
-0.013672 
-0.012818 
-0.012087 
-0.011481 
-0.010998 
-0.010648 
-0.010423 
-0.010322 
-0.010349 
-0.010498 
-0.010762 
-0.011135 
-0.011599 
-0.012127 
-0.012691 
-0.013257 
-0.013791 
-0.014271 
-0.014682 
-0.015021 
-0.015299 
-0.015532 
-0.015734 
-0.015911 
-0.016053 
-0.016138 
-0.016126 
-0.015973 
-0.015644 
-0.015110 
-0.014377 
-0.013474 
-0.012447 
-0.011362 
-0.010277 
-0.009228 
-0.008228 
-0.007247 
-0.006226 
-0.005097 
-0.003785 
-0.002241 
-0.000467 
0.001496 
0.003562 
0.005600 
0.007480 
0.009089 
0.010340 
0.011207 
0.011722 
0.011942 
0.011964 
0.011887 
0.011772 
0.011662 
0.011566 
0.011447 
0.011274 
0.011026 
0.010692 
0.010310 
0.009953 
0.009695 
0.009619 
0.009788 
0.010202 
0.010824 
0.011575 
0.012331 
0.012977 
0.013430 
0.013637 
0.013613 
0.013437 
0.013212 
0.013055 
0.013083 
0.013348 
0.013858 
0.014573 
0.015397 
0.016218 
0.016946 
0.017510 
0.017888 
0.018115 
0.018255 
0.018387 
0.018593 
0.018916 
0.019364 
0.019907 
0.020482 
0.021017 
0.021455 
0.021764 
0.021951 
0.022064 
0.022174 
0.022351 
0.022660 
0.023128 
0.023739 
0.024448 
0.025185 
0.025873 
0.026460 
0.026931 
0.027308 
0.027656 
0.028071 
0.028642 
0.029442 
0.030511 
0.031829 
0.033331 
0.034921 
0.036477 
0.037882 
0.039060 
0.039960 
0.040580 
0.040967 
0.041181 
0.041288 
0.041357 
0.041423 
0.041491 
0.041558 
0.041598 
0.041580 
0.041500 
0.041368 
0.041209 
0.041079 
0.041034 
0.041109 
0.041338 
0.041714 
0.042193 
0.042726 
0.043240 
0.043662 
0.043954 
0.044099 
0.044106 
0.044028 
0.043931 
0.043873 
0.043921 
0.044107 
0.044427 
0.044866 
0.045384 
0.045922 
0.046448 
0.046940 
0.047390 
0.047833 
0.048314 
0.048869 
0.049542 
0.050355 
0.051286 
0.052305 
0.053355 
0.054364 
0.055274 
0.056046 
0.056657 
0.057120 
0.057472 
0.057754 
0.058008 
0.058269 
0.058541 
0.058812 
0.059057 
0.059239 
0.059335 
0.059342 
0.059283 
0.059207 
0.059184 
0.059284 
0.059562 
0.060047 
0.060725 
0.061536 
0.062393 
0.063190 
0.063819 
0.064202 
0.064306 
0.064137 
0.063757 
0.063265 
0.062766 
0.062365 
0.062147 
0.062145 
0.062356 
0.062749 
0.063253 
0.063796 
0.064329 
0.064805 
0.065213 
0.065578 
0.065918 
0.066263 
0.066642 
0.067044 
0.067443 
0.067813 
0.068096 
0.068252 
0.068275 
0.068169 
0.067970 
0.067757 
0.067594 
0.067549 
0.067680 
0.067996 
0.068471 
0.069061 
0.069683 
0.070254 
0.070714 
0.071011 
0.071132 
0.071106 
0.070973 
0.070789 
0.070621 
0.070502 
0.070450 
0.070469 
0.070525 
0.070580 
0.070608 
0.070580 
0.070489 
0.070358 
0.070215 
0.070095 
0.070040 
0.070069 
0.070186 
0.070379 
0.070619 
0.070868 
0.071097 
0.071285 
0.071429 
0.071547 
0.071665 
0.071814 
0.072021 
0.072293 
0.072618 
0.072964 
0.073286 
0.073531 
0.073656 
0.073640 
0.073482 
0.073210 
0.072881 
0.072556 
0.072296 
0.072156 
0.072156 
0.072289 
0.072527 
0.072811 
0.073073 
0.073260 
0.073324 
0.073236 
0.073009 
0.072662 
0.072230 
0.071765 
0.071302 
0.070860 
0.070461 
0.070101 
0.069765 
0.069454 
0.069166 
0.068902 
0.068695 
0.068572 
0.068554 
0.068669 
0.068920 
0.069278 
0.069709 
0.070156 
0.070543 
0.070819 
0.070942 
0.070888 
0.070682 
0.070371 
0.070013 
0.069691 
0.069474 
0.069404 
0.069509 
0.069780 
0.070170 
0.070632 
0.071107 
0.071536 
0.071895 
0.072181 
0.072408 
0.072620 
0.072867 
0.073183 
0.073596 
0.074108 
0.074687 
0.075291 
0.075864 
0.076348 
0.076703 
0.076914 
0.076984 
0.076941 
0.076825 
0.076673 
0.076514 
0.076358 
0.076190 
0.075984 
0.075704 
0.075322 
0.074826 
0.074233 
0.073581 
0.072929 
0.072346 
0.071887 
0.071576 
0.071408 
0.071335 
0.071273 
0.071129 
0.070812 
0.070254 
0.069436 
0.068396 
0.067211 
0.066002 
0.064909 
0.064048 
0.063514 
0.063350 
0.063538 
0.064021 
0.064710 
0.065494 
0.066287 
0.067028 
0.067678 
0.068245 
0.068759 
0.069243 
0.069725 
0.070213 
0.070679 
0.071085 
0.071393 
0.071553 
0.071555 
0.071423 
0.071195 
0.070949 
0.070777 
0.070743 
0.070892 
0.071242 
0.071747 
0.072336 
0.072930 
0.073431 
0.073770 
0.073927 
0.073899 
0.073730 
0.073503 
0.073284 
0.073133 
0.073098 
0.073172 
0.073319 
0.073495 
0.073630 
0.073664 
0.073573 
0.073347 
0.073004 
0.072594 
0.072165 
0.071759 
0.071408 
0.071117 
0.070867 
0.070630 
0.070368 
0.070045 
0.069645 
0.069164 
0.068612 
0.068011 
0.067380 
0.066727 
0.066046 
0.065318 
0.064509 
0.063586 
0.062528 
0.061331 
0.060017 
0.058642 
0.057278 
0.056010 
0.054924 
0.054087 
0.053534 
0.053276 
0.053284 
0.053498 
0.053854 
0.054275 
0.054691 
0.055064 
0.055369 
0.055603 
0.055791 
0.055964 
0.056148 
0.056380 
0.056677 
0.057038 
0.057466 
0.057950 
0.058468 
0.059016 
0.059585 
0.060163 
0.060756 
0.061361 
0.061963 
0.062554 
0.063107 
0.063585 
0.063958 
0.064193 
0.064259 
0.064154 
0.063887 
0.063477 
0.062976 
0.062433 
0.061888 
0.061389 
0.060954 
0.060576 
0.060238 
0.059901 
0.059510 
0.059027 
0.058422 
0.057676 
0.056808 
0.055852 
0.054847 
0.053847 
0.052899 
0.052020 
0.051217 
0.050472 
0.049745 
0.048994 
0.048182 
0.047278 
0.046282 
0.045210 
0.044098 
0.042997 
0.041953 
0.041003 
0.040169 
0.039453 
0.038837 
0.038297 
0.037811 
0.037362 
0.036953 
0.036603 
0.036342 
0.036203 
0.036215 
0.036384 
0.036691 
0.037099 
0.037547 
0.037963 
0.038294 
0.038502 
0.038576 
0.038550 
0.038483 
0.038446 
0.038520 
0.038769 
0.039217 
0.039861 
0.040660 
0.041533 
0.042397 
0.043171 
0.043779 
0.044187 
0.044395 
0.044418 
0.044298 
0.044091 
0.043829 
0.043538 
0.043237 
0.042908 
0.042538 
0.042125 
0.041658 
0.041155 
0.040655 
0.040190 
0.039797 
0.039510 
0.039320 
0.039200 
0.039107 
0.038965 
0.038703 
0.038274 
0.037638 
0.036801 
0.035808 
0.034715 
0.033596 
0.032532 
0.031566 
0.030719 
0.029994 
0.029349 
0.028735 
0.028113 
0.027448 
0.026724 
0.025966 
0.025207 
0.024487 
0.023853 
0.023329 
0.022913 
0.022587 
0.022313 
0.022043 
0.021745 
0.021403 
0.021025 
0.020649 
0.020326 
0.020108 
0.020038 
0.020129 
0.020365 
0.020696 
0.021057 
0.021373 
0.021587 
0.021674 
0.021645 
0.021551 
0.021475 
0.021505 
0.021721 
0.022177 
0.022878 
0.023780 
0.024805 
0.025842 
0.026776 
0.027513 
0.027989 
0.028179 
0.028111 
0.027841 
0.027440 
0.026992 
0.026559 
0.026173 
0.025853 
0.025584 
0.025335 
0.025085 
0.024816 
0.024517 
0.024215 
0.023935 
0.023703 
0.023552 
0.023491 
0.023498 
0.023547 
0.023586 
0.023552 
0.023405 
0.023112 
0.022664 
0.022093 
0.021448 
0.020788 
0.020188 
0.019702 
0.019358 
0.019167 
0.019102 
0.019106 
0.019124 
0.019090 
0.018945 
0.018673 
0.018273 
0.017765 
0.017209 
0.016663 
0.016170 
0.015776 
0.015490 
0.015287 
0.015128 
0.014956 
0.014702 
0.014318 
0.013781 
0.013085 
0.012263 
0.011370 
0.010468 
0.009623 
0.008892 
0.008306 
0.007879 
0.007612 
0.007492 
0.007508 
0.007660 
0.007958 
0.008417 
0.009058 
0.009892 
0.010902 
0.012049 
0.013261 
0.014442 
0.015492 
0.016324 
0.016878 
0.017144 
0.017166 
0.017025 
0.016838 
0.016732 
0.016799 
0.017104 
0.017657 
0.018401 
0.019246 
0.020083 
0.020790 
0.021286 
0.021528 
0.021507 
0.021266 
0.020870 
0.020371 
0.019821 
0.019244 
0.018618 
0.017915 
0.017106 
0.016156 
0.015076 
0.013918 
0.012745 
0.011654 
0.010744 
0.010070 
0.009651 
0.009464 
0.009418 
0.009401 
0.009302 
0.009014 
0.008480 
0.007710 
0.006747 
0.005684 
0.004642 
0.003715 
0.002972 
0.002446 
0.002107 
0.001892 
0.001732 
0.001548 
0.001285 
0.000940 
0.000533 
0.000116 
-0.000240 
-0.000479 
-0.000569 
-0.000507 
-0.000328 
-0.000091 
0.000142 
0.000313 
0.000394 
0.000391 
0.000339 
0.000296 
0.000328 
0.000486 
0.000795 
0.001249 
0.001807 
0.002402 
0.002963 
0.003430 
0.003760 
0.003948 
0.004022 
0.004032 
0.004040 
0.004112 
0.004286 
0.004576 
0.004969 
0.005421 
0.005866 
0.006243 
0.006494 
0.006572 
0.006471 
0.006197 
0.005774 
0.005251 
0.004670 
0.004065 
0.003470 
0.002897 
0.002339 
0.001796 
0.001254 
0.000692 
0.000117 
-0.000471 
-0.001070 
-0.001657 
-0.002218 
-0.002755 
-0.003257 
-0.003737 
-0.004222 
-0.004729 
-0.005280 
-0.005901 
-0.006586 
-0.007319 
-0.008081 
-0.008819 
-0.009489 
-0.010057 
-0.010487 
-0.010772 
-0.010937 
-0.011006 
-0.011027 
-0.011058 
-0.011129 
-0.011261 
-0.011462 
-0.011701 
-0.011939 
-0.012141 
-0.012268 
-0.012298 
-0.012240 
-0.012116 
-0.011963 
-0.011826 
-0.011739 
-0.011714 
-0.011745 
-0.011799 
-0.011828 
-0.011783 
-0.011621 
-0.011320 
-0.010887 
-0.010351 
-0.009758 
-0.009162 
-0.008604 
-0.008104 
-0.007663 
-0.007254 
-0.006835 
-0.006367 
-0.005828 
-0.005215 
-0.004561 
-0.003931 
-0.003400 
-0.003044 
-0.002934 
-0.003094 
-0.003515 
-0.004154 
-0.004930 
-0.005746 
-0.006519 
-0.007182 
-0.007693 
-0.008067 
-0.008342 
-0.008575 
-0.008849 
-0.009230 
-0.009761 
-0.010473 
-0.011360 
-0.012385 
-0.013512 
-0.014692 
-0.015869 
-0.017019 
-0.018120 
-0.019151 
-0.020121 
-0.021028 
-0.021855 
-0.022597 
-0.023230 
-0.023710 
-0.024007 
-0.024090 
-0.023927 
-0.023523 
-0.022901 
-0.022096 
-0.021181 
-0.020237 
-0.019334 
-0.018550 
-0.017932 
-0.017488 
-0.017207 
-0.017042 
-0.016916 
-0.016763 
-0.016521 
-0.016145 
-0.015643 
-0.015052 
-0.014428 
-0.013859 
-0.013424 
-0.013172 
-0.013131 
-0.013285 
-0.013578 
-0.013946 
-0.014323 
-0.014657 
-0.014940 
-0.015204 
-0.015508 
-0.015934 
-0.016562 
-0.017437 
-0.018565 
-0.019902 
-0.021360 
-0.022826 
-0.024190 
-0.025371 
-0.026327 
-0.027073 
-0.027667 
-0.028187 
-0.028711 
-0.029288 
-0.029913 
-0.030535 
-0.031058 
-0.031369 
-0.031373 
-0.031018 
-0.030315 
-0.029345 
-0.028246 
-0.027173 
-0.026279 
-0.025668 
-0.025366 
-0.025330 
-0.025452 
-0.025577 
-0.025564 
-0.025310 
-0.024767 
-0.023973 
-0.023032 
-0.022075 
-0.021250 
-0.020673 
-0.020395 
-0.020409 
-0.020664 
-0.021056 
-0.021496 
-0.021930 
-0.022335 
-0.022750 
-0.023260 
-0.023944 
-0.024869 
-0.026065 
-0.027484 
-0.029027 
-0.030565 
-0.031947 
-0.033052 
-0.033830 
-0.034282 
-0.034485 
-0.034572 
-0.034675 
-0.034907 
-0.035343 
-0.035971 
-0.036717 
-0.037476 
-0.038111 
-0.038505 
-0.038603 
-0.038403 
-0.037961 
-0.037390 
-0.036806 
-0.036310 
-0.035970 
-0.035791 
-0.035727 
-0.035703 
-0.035633 
-0.035443 
-0.035110 
-0.034649 
-0.034119 
-0.033607 
-0.033196 
-0.032937 
-0.032846 
-0.032884 
-0.032967 
-0.033000 
-0.032892 
-0.032578 
-0.032049 
-0.031354 
-0.030580 
-0.029842 
-0.029260 
-0.028912 
-0.028833 
-0.029004 
-0.029349 
-0.029755 
-0.030114 
-0.030324 
-0.030323 
-0.030110 
-0.029726 
-0.029248 
-0.028787 
-0.028440 
-0.028278 
-0.028351 
-0.028657 
-0.029153 
-0.029788 
-0.030491 
-0.031192 
-0.031855 
-0.032459 
-0.032998 
-0.033502 
-0.033998 
-0.034506 
-0.035050 
-0.035630 
-0.036225 
-0.036815 
-0.037369 
-0.037850 
-0.038246 
-0.038551 
-0.038766 
-0.038920 
-0.039041 
-0.039148 
-0.039269 
-0.039406 
-0.039536 
-0.039641 
-0.039675 
-0.039584 
-0.039338 
-0.038912 
-0.038293 
-0.037514 
-0.036621 
-0.035666 
-0.034724 
-0.033859 
-0.033104 
-0.032487 
-0.032000 
-0.031608 
-0.031269 
-0.030937 
-0.030564 
-0.030130 
-0.029634 
-0.029089 
-0.028529 
-0.027997 
-0.027522 
-0.027129 
-0.026829 
-0.026613 
-0.026467 
-0.026381 
-0.026346 
-0.026366 
-0.026461 
-0.026657 
-0.026974 
-0.027429 
-0.028017 
-0.028701 
-0.029431 
-0.030139 
-0.030748 
-0.031201 
-0.031465 
-0.031536 
-0.031448 
-0.031266 
-0.031061 
-0.030909 
-0.030872 
-0.030973 
-0.031208 
-0.031548 
-0.031929 
-0.032289 
-0.032579 
-0.032750 
-0.032788 
-0.032709 
-0.032524 
-0.032264 
-0.031962 
-0.031625 
-0.031253 
-0.030851 
-0.030401 
-0.029901 
-0.029377 
-0.028855 
-0.028383 
-0.028031 
-0.027847 
-0.027863 
-0.028099 
-0.028520 
-0.029061 
-0.029652 
-0.030191 
-0.030591 
-0.030804 
-0.030801 
-0.030593 
-0.030243 
-0.029817 
-0.029391 
-0.029047 
-0.028826 
-0.028737 
-0.028779 
-0.028908 
-0.029058 
-0.029194 
-0.029269 
-0.029246 
-0.029140 
-0.028964 
-0.028732 
-0.028490 
-0.028259 
-0.028039 
-0.027845 
-0.027669 
-0.027486 
-0.027303 
-0.027120 
-0.026939 
-0.026795 
-0.026719 
-0.026724 
-0.026838 
-0.027061 
-0.027357 
-0.027696 
-0.028026 
-0.028278 
-0.028411 
-0.028398 
-0.028225 
-0.027922 
-0.027545 
-0.027151 
-0.026820 
-0.026623 
-0.026597 
-0.026769 
-0.027134 
-0.027645 
-0.028248 
-0.028882 
-0.029471 
-0.029968 
-0.030347 
-0.030591 
-0.030720 
-0.030775 
-0.030784 
-0.030794 
-0.030848 
-0.030951 
-0.031115 
-0.031339 
-0.031595 
-0.031868 
-0.032150 
-0.032420 
-0.032680 
-0.032942 
-0.033201 
-0.033461 
-0.033728 
-0.033975 
-0.034179 
-0.034321 
-0.034361 
-0.034277 
-0.034070 
-0.033742 
-0.033318 
-0.032848 
-0.032372 
-0.031935 
-0.031581 
-0.031322 
-0.031157 
-0.031078 
-0.031053 
-0.031050 
-0.031057 
-0.031061 
-0.031068 
-0.031112 
-0.031226 
-0.031443 
-0.031799 
-0.032304 
-0.032948 
-0.033709 
-0.034542 
-0.035394 
-0.036223 
-0.036994 
-0.037682 
-0.038291 
-0.038830 
-0.039314 
-0.039761 
-0.040179 
-0.040561 
-0.040894 
-0.041162 
-0.041344 
-0.041436 
-0.041452 
-0.041417 
-0.041369 
-0.041360 
-0.041420 
-0.041563 
-0.041783 
-0.042035 
-0.042252 
-0.042365 
-0.042300 
-0.042005 
-0.041477 
-0.040740 
-0.039859 
-0.038936 
-0.038076 
-0.037367 
-0.036884 
-0.036652 
-0.036649 
-0.036833 
-0.037127 
-0.037446 
-0.037735 
-0.037953 
-0.038086 
-0.038164 
-0.038226 
-0.038306 
-0.038445 
-0.038657 
-0.038920 
-0.039212 
-0.039497 
-0.039730 
-0.039906 
-0.040035 
-0.040147 
-0.040307 
-0.040577 
-0.041001 
-0.041610 
-0.042393 
-0.043293 
-0.044239 
-0.045140 
-0.045906 
-0.046484 
-0.046858 
-0.047044 
-0.047111 
-0.047146 
-0.047226 
-0.047425 
-0.047779 
-0.048272 
-0.048859 
-0.049469 
-0.050011 
-0.050413 
-0.050635 
-0.050662 
-0.050523 
-0.050271 
-0.049964 
-0.049656 
-0.049379 
-0.049129 
-0.048878 
-0.048576 
-0.048168 
-0.047618 
-0.046913 
-0.046074 
-0.045159 
-0.044234 
-0.043373 
-0.042632 
-0.042027 
-0.041539 
-0.041114 
-0.040668 
-0.040126 
-0.039430 
-0.038556 
-0.037539 
-0.036459 
-0.035420 
-0.034548 
-0.033948 
-0.033675 
-0.033745 
-0.034108 
-0.034659 
-0.035281 
-0.035852 
-0.036266 
-0.036483 
-0.036512 
-0.036400 
-0.036247 
-0.036160 
-0.036215 
-0.036479 
-0.036963 
-0.037623 
-0.038403 
-0.039231 
-0.040026 
-0.040757 
-0.041423 
-0.042040 
-0.042668 
-0.043367 
-0.044162 
-0.045066 
-0.046051 
-0.047031 
-0.047923 
-0.048635 
-0.049080 
-0.049232 
-0.049108 
-0.048758 
-0.048285 
-0.047798 
-0.047382 
-0.047106 
-0.046989 
-0.046985 
-0.047029 
-0.047029 
-0.046883 
-0.046527 
-0.045933 
-0.045101 
-0.044088 
-0.042969 
-0.041810 
-0.040679 
-0.039615 
-0.038609 
-0.037638 
-0.036659 
-0.035618 
-0.034489 
-0.033267 
-0.031971 
-0.030653 
-0.029381 
-0.028212 
-0.027196 
-0.026360 
-0.025691 
-0.025166 
-0.024747 
-0.024396 
-0.024094 
-0.023854 
-0.023708 
-0.023709 
-0.023926 
-0.024406 
-0.025166 
-0.026197 
-0.027437 
-0.028786 
-0.030134 
-0.031366 
-0.032384 
-0.033138 
-0.033624 
-0.033882 
-0.033998 
-0.034078 
-0.034217 
-0.034500 
-0.034973 
-0.035626 
-0.036420 
-0.037285 
-0.038127 
-0.038868 
-0.039453 
-0.039844 
-0.040051 
-0.040108 
-0.040051 
-0.039930 
-0.039783 
-0.039611 
-0.039407 
-0.039152 
-0.038803 
-0.038340 
-0.037769 
-0.037104 
-0.036398 
-0.035729 
-0.035155 
-0.034736 
-0.034505 
-0.034436 
-0.034475 
-0.034539 
-0.034516 
-0.034309 
-0.033855 
-0.033121 
-0.032134 
-0.030974 
-0.029740 
-0.028547 
-0.027506 
-0.026675 
-0.026074 
-0.025681 
-0.025421 
-0.025204 
-0.024950 
-0.024593 
-0.024106 
-0.023518 
-0.022882 
-0.022280 
-0.021797 
-0.021499 
-0.021418 
-0.021553 
-0.021863 
-0.022287 
-0.022761 
-0.023232 
-0.023670 
-0.024078 
-0.024479 
-0.024909 
-0.025403 
-0.025976 
-0.026615 
-0.027279 
-0.027911 
-0.028444 
-0.028828 
-0.029043 
-0.029108 
-0.029079 
-0.029050 
-0.029118 
-0.029369 
-0.029865 
-0.030615 
-0.031575 
-0.032663 
-0.033767 
-0.034764 
-0.035559 
-0.036089 
-0.036331 
-0.036323 
-0.036133 
-0.035846 
-0.035560 
-0.035352 
-0.035267 
-0.035330 
-0.035529 
-0.035829 
-0.036200 
-0.036605 
-0.037014 
-0.037420 
-0.037820 
-0.038204 
-0.038572 
-0.038902 
-0.039149 
-0.039272 
-0.039219 
-0.038932 
-0.038390 
-0.037593 
-0.036561 
-0.035366 
-0.034094 
-0.032834 
-0.031687 
-0.030726 
-0.029985 
-0.029479 
-0.029180 
-0.029021 
-0.028943 
-0.028878 
-0.028765 
-0.028588 
-0.028353 
-0.028088 
-0.027853 
-0.027711 
-0.027708 
-0.027885 
-0.028252 
-0.028784 
-0.029448 
-0.030195 
-0.030976 
-0.031762 
-0.032548 
-0.033343 
-0.034182 
-0.035105 
-0.036139 
-0.037299 
-0.038574 
-0.039920 
-0.041279 
-0.042591 
-0.043799 
-0.044875 
-0.045825 
-0.046685 
-0.047511 
-0.048372 
-0.049321 
-0.050374 
-0.051511 
-0.052669 
-0.053747 
-0.054636 
-0.055241 
-0.055492 
-0.055377 
-0.054941 
-0.054265 
-0.053468 
-0.052671 
-0.051965 
-0.051407 
-0.051009 
-0.050723 
-0.050485 
-0.050224 
-0.049869 
-0.049395 
-0.048816 
-0.048169 
-0.047522 
-0.046950 
-0.046494 
-0.046174 
-0.045984 
-0.045869 
-0.045777 
-0.045666 
-0.045502 
-0.045296 
-0.045103 
-0.044981 
-0.045009 
-0.045255 
-0.045734 
-0.046431 
-0.047292 
-0.048217 
-0.049106 
-0.049878 
-0.050470 
-0.050871 
-0.051124 
-0.051287 
-0.051441 
-0.051668 
-0.052006 
-0.052461 
-0.053014 
-0.053598 
-0.054137 
-0.054574 
-0.054860 
-0.054978 
-0.054955 
-0.054832 
-0.054662 
-0.054505 
-0.054399 
-0.054363 
-0.054406 
-0.054517 
-0.054682 
-0.054899 
-0.055173 
-0.055520 
-0.055967 
-0.056534 
-0.057228 
-0.058038 
-0.058928 
-0.059841 
-0.060712 
-0.061472 
-0.062062 
-0.062446 
-0.062619 
-0.062591 
-0.062398 
-0.062093 
-0.061722 
-0.061332 
-0.060964 
-0.060638 
-0.060358 
-0.060129 
-0.059929 
-0.059728 
-0.059499 
-0.059200 
-0.058785 
-0.058226 
-0.057499 
-0.056595 
-0.055543 
-0.054392 
-0.053203 
-0.052071 
-0.051078 
-0.050288 
-0.049755 
-0.049490 
-0.049464 
-0.049639 
-0.049954 
-0.050341 
-0.050764 
-0.051202 
-0.051650 
-0.052137 
-0.052689 
-0.053320 
-0.054042 
-0.054836 
-0.055658 
-0.056470 
-0.057229 
-0.057903 
-0.058502 
-0.059051 
-0.059587 
-0.060169 
-0.060830 
-0.061567 
-0.062362 
-0.063151 
-0.063839 
-0.064348 
-0.064613 
-0.064592 
-0.064307 
-0.063818 
-0.063202 
-0.062556 
-0.061961 
-0.061453 
-0.061034 
-0.060671 
-0.060294 
-0.059840 
-0.059263 
-0.058547 
-0.057719 
-0.056841 
-0.055989 
-0.055231 
-0.054617 
-0.054151 
-0.053803 
-0.053517 
-0.053227 
-0.052883 
-0.052478 
-0.052043 
-0.051651 
-0.051402 
-0.051388 
-0.051666 
-0.052244 
-0.053066 
-0.054013 
-0.054945 
-0.055715 
-0.056204 
-0.056364 
-0.056215 
-0.055841 
-0.055383 
-0.054995 
-0.054804 
-0.054903 
-0.055318 
-0.056002 
-0.056872 
-0.057822 
-0.058740 
-0.059557 
-0.060249 
-0.060820 
-0.061318 
-0.061803 
-0.062309 
-0.062850 
-0.063413 
-0.063937 
-0.064358 
-0.064627 
-0.064703 
-0.064592 
-0.064355 
-0.064063 
-0.063811 
-0.063695 
-0.063763 
-0.064021 
-0.064443 
-0.064945 
-0.065424 
-0.065792 
-0.065961 
-0.065886 
-0.065580 
-0.065071 
-0.064422 
-0.063721 
-0.063026 
-0.062383 
-0.061822 
-0.061331 
-0.060880 
-0.060444 
-0.059983 
-0.059475 
-0.058923 
-0.058337 
-0.057745 
-0.057188 
-0.056702 
-0.056321 
-0.056069 
-0.055955 
-0.055981 
-0.056137 
-0.056405 
-0.056769 
-0.057211 
-0.057712 
-0.058264 
-0.058861 
-0.059494 
-0.060160 
-0.060850 
-0.061546 
-0.062227 
-0.062863 
-0.063422 
-0.063874 
-0.064205 
-0.064418 
-0.064541 
-0.064628 
-0.064757 
-0.065010 
-0.065463 
-0.066175 
-0.067161 
-0.068387 
-0.069787 
-0.071251 
-0.072652 
-0.073882 
-0.074858 
-0.075536 
-0.075941 
-0.076137 
-0.076209 
-0.076270 
-0.076402 
-0.076648 
-0.077020 
-0.077480 
-0.077952 
-0.078371 
-0.078676 
-0.078833 
-0.078861 
-0.078808 
-0.078732 
-0.078709 
-0.078778 
-0.078933 
-0.079143 
-0.079323 
-0.079367 
-0.079196 
-0.078745 
-0.077996 
-0.077003 
-0.075856 
-0.074665 
-0.073561 
-0.072639 
-0.071940 
-0.071474 
-0.071194 
-0.071016 
-0.070867 
-0.070687 
-0.070443 
-0.070160 
-0.069896 
-0.069723 
-0.069725 
-0.069964 
-0.070458 
-0.071192 
-0.072119 
-0.073162 
-0.074248 
-0.075322 
-0.076351 
-0.077339 
-0.078314 
-0.079314 
-0.080377 
-0.081525 
-0.082752 
-0.084033 
-0.085328 
-0.086591 
-0.087791 
-0.088920 
-0.089996 
-0.091058 
-0.092160 
-0.093352 
-0.094663 
-0.096099 
-0.097630 
-0.099196 
-0.100721 
-0.102127 
-0.103343 
-0.104328 
-0.105070 
-0.105585 
-0.105919 
-0.106134 
-0.106290 
-0.106445 
-0.106649 
-0.106920 
-0.107272 
-0.107703 
-0.108187 
-0.108703 
-0.109223 
-0.109707 
-0.110125 
-0.110449 
-0.110644 
-0.110693 
-0.110592 
-0.110333 
-0.109934 
-0.109427 
-0.108835 
-0.108197 
-0.107558 
-0.106942 
-0.106377 
-0.105898 
-0.105513 
-0.105241 
-0.105107 
-0.105114 
-0.105270 
-0.105585 
-0.106039 
-0.106612 
-0.107284 
-0.108015 
-0.108778 
-0.109566 
-0.110375 
-0.111227 
-0.112174 
-0.113258 
-0.114528 
-0.116029 
-0.117765 
-0.119713 
-0.121835 
-0.124054 
-0.126291 
-0.128480 
-0.130564 
-0.132518 
-0.134351 
-0.136089 
-0.137773 
-0.139447 
-0.141137 
-0.142854 
-0.144587 
-0.146307 
-0.147979 
-0.149571 
-0.151059 
-0.152431 
-0.153692 
-0.154843 
-0.155887 
-0.156813 
-0.157595 
-0.158197 
-0.158581 
-0.158721 
-0.158615 
-0.158295 
-0.157831 
-0.157321 
-0.156878 
-0.156609 
-0.156595 
-0.156870 
-0.157425 
-0.158196 
-0.159083 
-0.159984 
-0.160793 
-0.161438 
-0.161895 
-0.162173 
-0.162318 
-0.162406 
-0.162502 
-0.162656 
-0.162903 
-0.163240 
-0.163638 
-0.164076 
-0.164524 
-0.164965 
-0.165423 
-0.165928 
-0.166517 
-0.167239 
-0.168118 
-0.169138 
-0.170274 
-0.171461 
-0.172612 
-0.173663 
-0.174556 
-0.175261 
-0.175805 
-0.176237 
-0.176626 
-0.177062 
-0.177613 
-0.178310 
-0.179167 
-0.180145 
-0.181171 
-0.182175 
-0.183076 
-0.183808 
-0.184350 
-0.184710 
-0.184918 
-0.185042 
-0.185148 
-0.185285 
-0.185493 
-0.185777 
-0.186102 
-0.186424 
-0.186680 
-0.186802 
-0.186749 
-0.186501 
-0.186063 
-0.185470 
-0.184779 
-0.184045 
-0.183319 
-0.182639 
-0.182009 
-0.181413 
-0.180822 
-0.180198 
-0.179506 
-0.178742 
-0.177922 
-0.177086 
-0.176298 
-0.175625 
-0.175112 
-0.174782 
-0.174614 
-0.174538 
-0.174455 
-0.174246 
-0.173794 
-0.173017 
-0.171884 
-0.170412 
-0.168682 
-0.166816 
-0.164936 
-0.163161 
-0.161571 
-0.160175 
-0.158935 
-0.157766 
-0.156544 
-0.155158 
-0.153532 
-0.151624 
-0.149457 
-0.147105 
-0.144657 
-0.142206 
-0.139828 
-0.137537 
-0.135304 
-0.133065 
-0.130722 
-0.128193 
-0.125436 
-0.122450 
-0.119301 
-0.116107 
-0.112994 
-0.110089 
-0.107482 
-0.105187 
-0.103155 
-0.101281 
-0.099409 
-0.097386 
-0.095095 
-0.092457 
-0.089473 
-0.086211 
-0.082766 
-0.079261 
-0.075806 
-0.072459 
-0.069235 
-0.066104 
-0.062994 
-0.059827 
-0.056552 
-0.053144 
-0.049623 
-0.046061 
-0.042539 
-0.039140 
-0.035929 
-0.032922 
-0.030086 
-0.027355 
-0.024632 
-0.021822 
-0.018859 
-0.015710 
-0.012388 
-0.008947 
-0.005456 
-0.001982 
0.001426 
0.004762 
0.008059 
0.011377 
0.014793 
0.018379 
0.022179 
0.026198 
0.030406 
0.034743 
0.039136 
0.043523 
0.047874 
0.052192 
0.056523 
0.060947 
0.065548 
0.070408 
0.075584 
0.081084 
0.086881 
0.092915 
0.099097 
0.105336 
0.111562 
0.117711 
0.123752 
0.129686 
0.135503 
0.141206 
0.146793 
0.152228 
0.157471 
0.162484 
0.167213 
0.171635 
0.175758 
0.179605 
0.183232 
0.186726 
0.190152 
0.193578 
0.197051 
0.200572 
0.204118 
0.207650 
0.211100 
0.214412 
0.217556 
0.220511 
0.223297 
0.225970 
0.228587 
0.231227 
0.233968 
0.236858 
0.239930 
0.243202 
0.246652 
0.250252 
0.253977 
0.257788 
0.261662 
0.265595 
0.269581 
0.273622 
0.277728 
0.281891 
0.286096 
0.290321 
0.294529 
0.298684 
0.302760 
0.306738 
0.310624 
0.314444 
0.318232 
0.322034 
0.325886 
0.329805 
0.333781 
0.337769 
0.341701 
0.345488 
0.349041 
0.352289 
0.355192 
0.357752 
0.360018 
0.362070 
0.364009 
0.365938 
0.367937 
0.370046 
0.372271 
0.374569 
0.376868 
0.379093 
0.381169 
0.383043 
0.384709 
0.386182 
0.387500 
0.388726 
0.389901 
0.391048 
0.392177 
0.393259 
0.394248 
0.395117 
0.395839 
0.396412 
0.396886 
0.397319 
0.397779 
0.398346 
0.399058 
0.399912 
0.400881 
0.401886 
0.402824 
0.403615 
0.404186 
0.404501 
0.404589 
0.404505 
0.404326 
0.404149 
0.404040 
0.404021 
0.404089 
0.404188 
0.404231 
0.404142 
0.403851 
0.403318 
0.402555 
0.401605 
0.400526 
0.399396 
0.398267 
0.397154 
0.396047 
0.394898 
0.393632 
0.392185 
0.390506 
0.388575 
0.386413 
0.384074 
0.381624 
0.379138 
0.376669 
0.374239 
0.371838 
0.369432 
0.366964 
0.364393 
0.361694 
0.358875 
0.355981 
0.353090 
0.350286 
0.347648 
0.345235 
0.343059 
0.341088 
0.339258 
0.337470 
0.335618 
0.333614 
0.331395 
0.328928 
0.326229 
0.323345 
0.320332 
0.317263 
0.314202 
0.311184 
0.308232 
0.305345 
0.302495 
0.299652 
0.296785 
0.293851 
0.290824 
0.287692 
0.284433 
0.281041 
0.277521 
0.273863 
0.270069 
0.266147 
0.262091 
0.257908 
0.253614 
0.249213 
0.244727 
0.240188 
0.235619 
0.231061 
0.226560 
0.222145 
0.217849 
0.213697 
0.209675 
0.205761 
0.201917 
0.198072 
0.194158 
0.190122 
0.185910 
0.181504 
0.176928 
0.172215 
0.167431 
0.162657 
0.157951 
0.153352 
0.148883 
0.144519 
0.140214 
0.135920 
0.131585 
0.127172 
0.122687 
0.118156 
0.113629 
0.109175 
0.104851 
0.100694 
0.096712 
0.092878 
0.089139 
0.085434 
0.081705 
0.077913 
0.074056 
0.070161 
0.066274 
0.062457 
0.058758 
0.055197 
0.051768 
0.048431 
0.045121 
0.041776 
0.038352 
0.034835 
0.031254 
0.027679 
0.024199 
0.020903 
0.017862 
0.015097 
0.012570 
0.010200 
0.007858 
0.005400 
0.002704 
-0.000316 
-0.003695 
-0.007394 
-0.011332 
-0.015396 
-0.019458 
-0.023414 
-0.027201 
-0.030793 
-0.034207 
-0.037498 
-0.040716 
-0.043910 
-0.047111 
-0.050310 
-0.053481 
-0.056593 
-0.059601 
-0.062490 
-0.065273 
-0.067978 
-0.070663 
-0.073395 
-0.076216 
-0.079156 
-0.082213 
-0.085334 
-0.088453 
-0.091494 
-0.094369 
-0.097024 
-0.099443 
-0.101625 
-0.103617 
-0.105489 
-0.107298 
-0.109103 
-0.110950 
-0.112836 
-0.114743 
-0.116640 
-0.118470 
-0.120185 
-0.121758 
-0.123166 
-0.124411 
-0.125523 
-0.126531 
-0.127468 
-0.128377 
-0.129281 
-0.130193 
-0.131121 
-0.132061 
-0.133001 
-0.133935 
-0.134852 
-0.135744 
-0.136610 
-0.137447 
-0.138250 
-0.139016 
-0.139737 
-0.140397 
-0.140986 
-0.141495 
-0.141917 
-0.142256 
-0.142533 
-0.142774 
-0.143020 
-0.143324 
-0.143729 
-0.144275 
-0.144994 
-0.145884 
-0.146922 
-0.148072 
-0.149269 
-0.150440 
-0.151530 
-0.152486 
-0.153277 
-0.153914 
-0.154423 
-0.154839 
-0.155223 
-0.155619 
-0.156045 
-0.156514 
-0.157008 
-0.157481 
-0.157900 
-0.158229 
-0.158439 
-0.158542 
-0.158567 
-0.158548 
-0.158539 
-0.158582 
-0.158687 
-0.158854 
-0.159053 
-0.159225 
-0.159322 
-0.159299 
-0.159127 
-0.158816 
-0.158400 
-0.157920 
-0.157436 
-0.156988 
-0.156585 
-0.156218 
-0.155846 
-0.155402 
-0.154834 
-0.154102 
-0.153188 
-0.152127 
-0.150984 
-0.149833 
-0.148765 
-0.147854 
-0.147129 
-0.146589 
-0.146195 
-0.145872 
-0.145544 
-0.145146 
-0.144633 
-0.143998 
-0.143269 
-0.142491 
-0.141722 
-0.141009 
-0.140374 
-0.139821 
-0.139328 
-0.138860 
-0.138391 
-0.137912 
-0.137436 
-0.137005 
-0.136677 
-0.136508 
-0.136535 
-0.136763 
-0.137156 
-0.137635 
-0.138101 
-0.138449 
-0.138587 
-0.138468 
-0.138091 
-0.137500 
-0.136779 
-0.136033 
-0.135349 
-0.134796 
-0.134407 
-0.134161 
-0.134011 
-0.133899 
-0.133752 
-0.133529 
-0.133219 
-0.132826 
-0.132386 
-0.131946 
-0.131525 
-0.131136 
-0.130766 
-0.130362 
-0.129873 
-0.129254 
-0.128467 
-0.127514 
-0.126442 
-0.125308 
-0.124196 
-0.123194 
-0.122349 
-0.121687 
-0.121198 
-0.120818 
-0.120472 
-0.120087 
-0.119581 
-0.118914 
-0.118083 
-0.117105 
-0.116028 
-0.114920 
-0.113833 
-0.112808 
-0.111881 
-0.111048 
-0.110300 
-0.109631 
-0.109022 
-0.108466 
-0.107980 
-0.107577 
-0.107271 
-0.107088 
-0.107030 
-0.107087 
-0.107245 
-0.107471 
-0.107729 
-0.107992 
-0.108236 
-0.108449 
-0.108635 
-0.108806 
-0.108974 
-0.109158 
-0.109368 
-0.109605 
-0.109860 
-0.110117 
-0.110349 
-0.110526 
-0.110617 
-0.110590 
-0.110423 
-0.110105 
-0.109634 
-0.109024 
-0.108310 
-0.107535 
-0.106751 
-0.106015 
-0.105371 
-0.104847 
-0.104451 
-0.104164 
-0.103937 
-0.103718 
-0.103447 
-0.103069 
-0.102562 
-0.101926 
-0.101185 
-0.100398 
-0.099624 
-0.098914 
-0.098314 
-0.097836 
-0.097458 
-0.097154 
-0.096879 
-0.096586 
-0.096263 
-0.095914 
-0.095555 
-0.095237 
-0.094999 
-0.094858 
-0.094820 
-0.094852 
-0.094883 
-0.094847 
-0.094675 
-0.094313 
-0.093766 
-0.093074 
-0.092309 
-0.091579 
-0.090985 
-0.090594 
-0.090444 
-0.090517 
-0.090738 
-0.091018 
-0.091262 
-0.091381 
-0.091349 
-0.091181 
-0.090931 
-0.090696 
-0.090573 
-0.090624 
-0.090885 
-0.091334 
-0.091894 
-0.092466 
-0.092946 
-0.093243 
-0.093316 
-0.093174 
-0.092868 
-0.092485 
-0.092118 
-0.091838 
-0.091682 
-0.091647 
-0.091684 
-0.091726 
-0.091710 
-0.091593 
-0.091372 
-0.091093 
-0.090829 
-0.090669 
-0.090693 
-0.090947 
-0.091417 
-0.092044 
-0.092726 
-0.093331 
-0.093743 
-0.093882 
-0.093712 
-0.093266 
-0.092629 
-0.091912 
-0.091237 
-0.090711 
-0.090387 
-0.090277 
-0.090344 
-0.090506 
-0.090673 
-0.090761 
-0.090699 
-0.090454 
-0.090032 
-0.089447 
-0.088736 
-0.087941 
-0.087077 
-0.086158 
-0.085189 
-0.084159 
-0.083071 
-0.081951 
-0.080825 
-0.079748 
-0.078791 
-0.078007 
-0.077444 
-0.077141 
-0.077088 
-0.077260 
-0.077624 
-0.078116 
-0.078685 
-0.079300 
-0.079929 
-0.080563 
-0.081224 
-0.081921 
-0.082674 
-0.083513 
-0.084442 
-0.085461 
-0.086572 
-0.087753 
-0.088979 
-0.090233 
-0.091479 
-0.092681 
-0.093816 
-0.094847 
-0.095746 
-0.096500 
-0.097094 
-0.097526 
-0.097809 
-0.097953 
-0.097971 
-0.097875 
-0.097667 
-0.097337 
-0.096875 
-0.096262 
-0.095482 
-0.094532 
-0.093419 
-0.092161 
-0.090791 
-0.089343 
-0.087851 
-0.086340 
-0.084830 
-0.083324 
-0.081827 
-0.080353 
-0.078923 
-0.077576 
-0.076378 
-0.075396 
-0.074699 
-0.074346 
-0.074357 
-0.074714 
-0.075364 
-0.076214 
-0.077150 
-0.078075 
-0.078905 
-0.079594 
-0.080158 
-0.080643 
-0.081121 
-0.081686 
-0.082405 
-0.083306 
-0.084390 
-0.085605 
-0.086864 
-0.088087 
-0.089198 
-0.090139 
-0.090911 
-0.091542 
-0.092071 
-0.092562 
-0.093057 
-0.093551 
-0.094023 
-0.094413 
-0.094630 
-0.094608 
-0.094299 
-0.093688 
-0.092825 
-0.091796 
-0.090705 
-0.089670 
-0.088781 
-0.088079 
-0.087569 
-0.087207 
-0.086907 
-0.086595 
-0.086209 
-0.085705 
-0.085106 
-0.084464 
-0.083846 
-0.083336 
-0.083001 
-0.082855 
-0.082888 
-0.083051 
-0.083260 
-0.083437 
-0.083527 
-0.083491 
-0.083339 
-0.083115 
-0.082873 
-0.082673 
-0.082561 
-0.082547 
-0.082613 
-0.082718 
-0.082808 
-0.082842 
-0.082801 
-0.082704 
-0.082598 
-0.082558 
-0.082657 
-0.082951 
-0.083459 
-0.084156 
-0.084963 
-0.085778 
-0.086485 
-0.086978 
-0.087195 
-0.087124 
-0.086803 
-0.086315 
-0.085772 
-0.085274 
-0.084902 
-0.084699 
-0.084646 
-0.084691 
-0.084758 
-0.084750 
-0.084597 
-0.084264 
-0.083740 
-0.083058 
-0.082282 
-0.081461 
-0.080647 
-0.079873 
-0.079122 
-0.078370 
-0.077584 
-0.076718 
-0.075762 
-0.074741 
-0.073698 
-0.072715 
-0.071891 
-0.071299 
-0.070998 
-0.071015 
-0.071306 
-0.071806 
-0.072428 
-0.073058 
-0.073611 
-0.074040 
-0.074317 
-0.074468 
-0.074557 
-0.074640 
-0.074780 
-0.075030 
-0.075392 
-0.075842 
-0.076341 
-0.076818 
-0.077210 
-0.077477 
-0.077591 
-0.077553 
-0.077397 
-0.077156 
-0.076865 
-0.076555 
-0.076227 
-0.075863 
-0.075436 
-0.074901 
-0.074223 
-0.073388 
-0.072398 
-0.071277 
-0.070081 
-0.068863 
-0.067674 
-0.066561 
-0.065542 
-0.064609 
-0.063741 
-0.062904 
-0.062061 
-0.061191 
-0.060297 
-0.059395 
-0.058528 
-0.057753 
-0.057123 
-0.056677 
-0.056440 
-0.056402 
-0.056525 
-0.056756 
-0.057026 
-0.057265 
-0.057426 
-0.057480 
-0.057420 
-0.057278 
-0.057099 
-0.056934 
-0.056843 
-0.056871 
-0.057033 
-0.057336 
-0.057758 
-0.058247 
-0.058761 
-0.059248 
-0.059657 
-0.059963 
-0.060155 
-0.060226 
-0.060195 
-0.060083 
-0.059894 
-0.059646 
-0.059342 
-0.058965 
-0.058513 
-0.057980 
-0.057360 
-0.056677 
-0.055962 
-0.055248 
-0.054594 
-0.054040 
-0.053605 
-0.053307 
-0.053123 
-0.053003 
-0.052899 
-0.052749 
-0.052496 
-0.052124 
-0.051638 
-0.051065 
-0.050474 
-0.049933 
-0.049499 
-0.049222 
-0.049109 
-0.049129 
-0.049233 
-0.049346 
-0.049392 
-0.049319 
-0.049102 
-0.048747 
-0.048302 
-0.047824 
-0.047374 
-0.047002 
-0.046730 
-0.046541 
-0.046400 
-0.046252 
-0.046045 
-0.045749 
-0.045363 
-0.044919 
-0.044472 
-0.044093 
-0.043836 
-0.043727 
-0.043756 
-0.043872 
-0.043992 
-0.044029 
-0.043914 
-0.043608 
-0.043131 
-0.042556 
-0.041986 
-0.041547 
-0.041351 
-0.041461 
-0.041888 
-0.042588 
-0.043451 
-0.044352 
-0.045172 
-0.045812 
-0.046230 
-0.046451 
-0.046530 
-0.046557 
-0.046629 
-0.046798 
-0.047084 
-0.047462 
-0.047856 
-0.048180 
-0.048368 
-0.048369 
-0.048188 
-0.047890 
-0.047554 
-0.047277 
-0.047149 
-0.047199 
-0.047412 
-0.047726 
-0.048026 
-0.048196 
-0.048146 
-0.047816 
-0.047210 
-0.046398 
-0.045472 
-0.044548 
-0.043733 
-0.043077 
-0.042585 
-0.042223 
-0.041901 
-0.041527 
-0.041039 
-0.040395 
-0.039607 
-0.038745 
-0.037891 
-0.037139 
-0.036567 
-0.036204 
-0.036030 
-0.035993 
-0.036007 
-0.035985 
-0.035870 
-0.035639 
-0.035313 
-0.034959 
-0.034657 
-0.034481 
-0.034483 
-0.034673 
-0.035010 
-0.035425 
-0.035831 
-0.036147 
-0.036325 
-0.036365 
-0.036306 
-0.036229 
-0.036234 
-0.036411 
-0.036819 
-0.037481 
-0.038367 
-0.039401 
-0.040495 
-0.041548 
-0.042469 
-0.043211 
-0.043750 
-0.044091 
-0.044275 
-0.044339 
-0.044312 
-0.044223 
-0.044075 
-0.043853 
-0.043550 
-0.043155 
-0.042657 
-0.042080 
-0.041452 
-0.040797 
-0.040164 
-0.039581 
-0.039054 
-0.038597 
-0.038195 
-0.037813 
-0.037432 
-0.037023 
-0.036550 
-0.036007 
-0.035384 
-0.034674 
-0.033896 
-0.033066 
-0.032202 
-0.031346 
-0.030531 
-0.029789 
-0.029166 
-0.028680 
-0.028336 
-0.028141 
-0.028065 
-0.028067 
-0.028123 
-0.028191 
-0.028246 
-0.028300 
-0.028365 
-0.028465 
-0.028653 
-0.028947 
-0.029349 
-0.029854 
-0.030408 
-0.030941 
-0.031392 
-0.031688 
-0.031785 
-0.031685 
-0.031404 
-0.030993 
-0.030532 
-0.030081 
-0.029687 
-0.029388 
-0.029175 
-0.029022 
-0.028905 
-0.028790 
-0.028667 
-0.028555 
-0.028484 
-0.028499 
-0.028647 
-0.028941 
-0.029368 
-0.029877 
-0.030377 
-0.030765 
-0.030947 
-0.030844 
-0.030437 
-0.029759 
-0.028887 
-0.027946 
-0.027072 
-0.026377 
-0.025952 
-0.025831 
-0.025984 
-0.026346 
-0.026823 
-0.027298 
-0.027690 
-0.027939 
-0.028009 
-0.027917 
-0.027694 
-0.027367 
-0.026977 
-0.026541 
-0.026048 
-0.025494 
-0.024865 
-0.024145 
-0.023356 
-0.022536 
-0.021730 
-0.021014 
-0.020451 
-0.020071 
-0.019897 
-0.019903 
-0.020023 
-0.020185 
-0.020301 
-0.020287 
-0.020099 
-0.019723 
-0.019173 
-0.018513 
-0.017814 
-0.017147 
-0.016585 
-0.016164 
-0.015888 
-0.015742 
-0.015682 
-0.015645 
-0.015590 
-0.015476 
-0.015289 
-0.015045 
-0.014778 
-0.014531 
-0.014358 
-0.014294 
-0.014357 
-0.014545 
-0.014831 
-0.015171 
-0.015520 
-0.015829 
-0.016069 
-0.016227 
-0.016304 
-0.016318 
-0.016292 
-0.016240 
-0.016167 
-0.016059 
-0.015892 
-0.015633 
-0.015255 
-0.014749 
-0.014136 
-0.013462 
-0.012806 
-0.012262 
-0.011918 
-0.011841 
-0.012066 
-0.012567 
-0.013273 
-0.014078 
-0.014846 
-0.015448 
-0.015792 
-0.015820 
-0.015539 
-0.015014 
-0.014335 
-0.013619 
-0.012978 
-0.012484 
-0.012173 
-0.012041 
-0.012037 
-0.012095 
-0.012154 
-0.012157 
-0.012082 
-0.011942 
-0.011757 
-0.011562 
-0.011395 
-0.011253 
-0.011119 
-0.010957 
-0.010707 
-0.010320 
-0.009771 
-0.009056 
-0.008218 
-0.007333 
-0.006481 
-0.005753 
-0.005221 
-0.004908 
-0.004813 
-0.004896 
-0.005083 
-0.005306 
-0.005511 
-0.005656 
-0.005741 
-0.005797 
-0.005860 
-0.005978 
-0.006193 
-0.006508 
-0.006910 
-0.007369 
-0.007829 
-0.008241 
-0.008575 
-0.008809 
-0.008947 
-0.009019 
-0.009052 
-0.009071 
-0.009103 
-0.009145 
-0.009184 
-0.009211 
-0.009207 
-0.009163 
-0.009103 
-0.009055 
-0.009055 
-0.009158 
-0.009395 
-0.009772 
-0.010281 
-0.010880 
-0.011495 
-0.012063 
-0.012518 
-0.012806 
-0.012919 
-0.012875 
-0.012713 
-0.012505 
-0.012327 
-0.012234 
-0.012281 
-0.012491 
-0.012846 
-0.013322 
-0.013877 
-0.014444 
-0.014977 
-0.015442 
-0.015793 
-0.016024 
-0.016141 
-0.016140 
-0.016040 
-0.015867 
-0.015623 
-0.015323 
-0.014987 
-0.014610 
-0.014207 
-0.013798 
-0.013390 
-0.013008 
-0.012688 
-0.012446 
-0.012308 
-0.012296 
-0.012396 
-0.012594 
-0.012859 
-0.013131 
-0.013361 
-0.013506 
-0.013521 
-0.013403 
-0.013177 
-0.012878 
-0.012571 
-0.012328 
-0.012195 
-0.012205 
-0.012362 
-0.012620 
-0.012921 
-0.013202 
-0.013390 
-0.013448 
-0.013384 
-0.013227 
-0.013050 
-0.012946 
-0.012990 
-0.013241 
-0.013723 
-0.014403 
-0.015220 
-0.016091 
-0.016927 
-0.017664 
-0.018277 
-0.018778 
-0.019216 
-0.019662 
-0.020184 
-0.020823 
-0.021589 
-0.022446 
-0.023326 
-0.024148 
-0.024839 
-0.025356 
-0.025700 
-0.025921 
-0.026104 
-0.026342 
-0.026726 
-0.027303 
-0.028064 
-0.028955 
-0.029870 
-0.030680 
-0.031269 
-0.031553 
-0.031494 
-0.031123 
-0.030519 
-0.029785 
-0.029045 
-0.028395 
-0.027890 
-0.027550 
-0.027347 
-0.027217 
-0.027102 
-0.026944 
-0.026703 
-0.026382 
-0.026001 
-0.025586 
-0.025178 
-0.024799 
-0.024443 
-0.024100 
-0.023742 
-0.023332 
-0.022862 
-0.022341 
-0.021794 
-0.021282 
-0.020871 
-0.020617 
-0.020572 
-0.020758 
-0.021156 
-0.021739 
-0.022456 
-0.023244 
-0.024060 
-0.024871 
-0.025654 
-0.026415 
-0.027169 
-0.027922 
-0.028691 
-0.029487 
-0.030304 
-0.031143 
-0.032009 
-0.032898 
-0.033821 
-0.034794 
-0.035822 
-0.036909 
-0.038047 
-0.039208 
-0.040353 
-0.041438 
-0.042411 
-0.043233 
-0.043880 
-0.044343 
-0.044633 
-0.044779 
-0.044817 
-0.044784 
-0.044719 
-0.044650 
-0.044596 
-0.044571 
-0.044579 
-0.044610 
-0.044658 
-0.044700 
-0.044704 
-0.044637 
-0.044460 
-0.044133 
-0.043636 
-0.042970 
-0.042150 
-0.041230 
-0.040285 
-0.039391 
-0.038629 
-0.038062 
-0.037709 
-0.037562 
-0.037585 
-0.037700 
-0.037838 
-0.037944 
-0.037977 
-0.037940 
-0.037874 
-0.037827 
-0.037861 
-0.038028 
-0.038335 
-0.038766 
-0.039278 
-0.039795 
-0.040257 
-0.040632 
-0.040906 
-0.041119 
-0.041352 
-0.041680 
-0.042178 
-0.042899 
-0.043828 
-0.044906 
-0.046045 
-0.047115 
-0.048007 
-0.048655 
-0.049028 
-0.049164 
-0.049156 
-0.049109 
-0.049131 
-0.049310 
-0.049669 
-0.050177 
-0.050772 
-0.051346 
-0.051799 
-0.052069 
-0.052126 
-0.051996 
-0.051755 
-0.051489 
-0.051288 
-0.051221 
-0.051306 
-0.051521 
-0.051813 
-0.052109 
-0.052340 
-0.052471 
-0.052497 
-0.052450 
-0.052388 
-0.052372 
-0.052439 
-0.052599 
-0.052818 
-0.053025 
-0.053133 
-0.053066 
-0.052767 
-0.052231 
-0.051511 
-0.050692 
-0.049892 
-0.049230 
-0.048794 
-0.048624 
-0.048716 
-0.049006 
-0.049396 
-0.049786 
-0.050080 
-0.050211 
-0.050166 
-0.049961 
-0.049636 
-0.049260 
-0.048885 
-0.048540 
-0.048249 
-0.048001 
-0.047774 
-0.047559 
-0.047356 
-0.047178 
-0.047072 
-0.047093 
-0.047282 
-0.047683 
-0.048301 
-0.049098 
-0.050018 
-0.050975 
-0.051868 
-0.052621 
-0.053179 
-0.053512 
-0.053650 
-0.053644 
-0.053559 
-0.053480 
-0.053475 
-0.053577 
-0.053810 
-0.054158 
-0.054571 
-0.055007 
-0.055410 
-0.055725 
-0.055930 
-0.056016 
-0.055982 
-0.055857 
-0.055675 
-0.055455 
-0.055227 
-0.055005 
-0.054779 
-0.054540 
-0.054267 
-0.053928 
-0.053503 
-0.052983 
-0.052361 
-0.051657 
-0.050904 
-0.050139 
-0.049409 
-0.048759 
-0.048216 
-0.047800 
-0.047515 
-0.047348 
-0.047281 
-0.047297 
-0.047385 
-0.047545 
-0.047791 
-0.048144 
-0.048623 
-0.049243 
-0.049998 
-0.050854 
-0.051758 
-0.052637 
-0.053409 
-0.054004 
-0.054379 
-0.054520 
-0.054457 
-0.054260 
-0.054010 
-0.053804 
-0.053726 
-0.053816 
-0.054081 
-0.054491 
-0.054964 
-0.055411 
-0.055749 
-0.055897 
-0.055818 
-0.055518 
-0.055018 
-0.054373 
-0.053650 
-0.052892 
-0.052131 
-0.051381 
-0.050622 
-0.049830 
-0.048998 
-0.048112 
-0.047194 
-0.046301 
-0.045486 
-0.044817 
-0.044361 
-0.044139 
-0.044150 
-0.044366 
-0.044715 
-0.045124 
-0.045531 
-0.045878 
-0.046151 
-0.046374 
-0.046581 
-0.046830 
-0.047182 
-0.047666 
-0.048289 
-0.049034 
-0.049843 
-0.050656 
-0.051422 
-0.052092 
-0.052654 
-0.053129 
-0.053552 
-0.053970 
-0.054432 
-0.054956 
-0.055532 
-0.056129 
-0.056684 
-0.057124 
-0.057393 
-0.057452 
-0.057292 
-0.056948 
-0.056476 
-0.055935 
-0.055390 
-0.054876 
-0.054390 
-0.053902 
-0.053358 
-0.052688 
-0.051842 
-0.050804 
-0.049596 
-0.048286 
-0.046983 
-0.045803 
-0.044855 
-0.044215 
-0.043904 
-0.043885 
-0.044073 
-0.044347 
-0.044579 
-0.044668 
-0.044552 
-0.044224 
-0.043742 
-0.043201 
-0.042710 
-0.042387 
-0.042310 
-0.042507 
-0.042973 
-0.043652 
-0.044462 
-0.045335 
-0.046216 
-0.047073 
-0.047930 
-0.048825 
-0.049800 
-0.050905 
-0.052150 
-0.053496 
-0.054888 
-0.056226 
-0.057400 
-0.058334 
-0.058977 
-0.059323 
-0.059436 
-0.059409 
-0.059345 
-0.059358 
-0.059520 
-0.059842 
-0.060304 
-0.060823 
-0.061283 
-0.061587 
-0.061649 
-0.061422 
-0.060924 
-0.060221 
-0.059397 
-0.058563 
-0.057815 
-0.057203 
-0.056748 
-0.056426 
-0.056175 
-0.055926 
-0.055620 
-0.055215 
-0.054705 
-0.054119 
-0.053501 
-0.052905 
-0.052377 
-0.051932 
-0.051561 
-0.051230 
-0.050891 
-0.050500 
-0.050038 
-0.049515 
-0.048983 
-0.048525 
-0.048239 
-0.048217 
-0.048529 
-0.049198 
-0.050191 
-0.051433 
-0.052809 
-0.054182 
-0.055435 
-0.056476 
-0.057255 
-0.057781 
-0.058110 
-0.058322 
-0.058521 
-0.058805 
-0.059239 
-0.059864 
-0.060687 
-0.061672 
-0.062774 
-0.063942 
-0.065120 
-0.066272 
-0.067383 
-0.068441 
-0.069447 
-0.070411 
-0.071316 
-0.072145 
-0.072873 
-0.073449 
-0.073831 
-0.073994 
-0.073910 
-0.073586 
-0.073061 
-0.072377 
-0.071602 
-0.070810 
-0.070054 
-0.069372 
-0.068786 
-0.068273 
-0.067792 
-0.067297 
-0.066724 
-0.066023 
-0.065177 
-0.064179 
-0.063059 
-0.061882 
-0.060710 
-0.059615 
-0.058667 
-0.057898 
-0.057317 
-0.056918 
-0.056657 
-0.056486 
-0.056370 
-0.056278 
-0.056203 
-0.056169 
-0.056212 
-0.056372 
-0.056695 
-0.057196 
-0.057862 
-0.058658 
-0.059515 
-0.060351 
-0.061092 
-0.061679 
-0.062078 
-0.062298 
-0.062379 
-0.062376 
-0.062361 
-0.062391 
-0.062501 
-0.062700 
-0.062975 
-0.063290 
-0.063611 
-0.063921 
-0.064217 
-0.064527 
-0.064905 
-0.065402 
-0.066062 
-0.066905 
-0.067903 
-0.068983 
-0.070046 
-0.070968 
-0.071630 
-0.071959 
-0.071922 
-0.071547 
-0.070927 
-0.070191 
-0.069473 
-0.068907 
-0.068581 
-0.068519 
-0.068702 
-0.069056 
-0.069470 
-0.069843 
-0.070089 
-0.070141 
-0.069988 
-0.069644 
-0.069128 
-0.068475 
-0.067696 
-0.066767 
-0.065663 
-0.064335 
-0.062739 
-0.060873 
-0.058769 
-0.056500 
-0.054196 
-0.051998 
-0.050038 
-0.048436 
-0.047250 
-0.046471 
-0.046048 
-0.045881 
-0.045841 
-0.045827 
-0.045766 
-0.045619 
-0.045414 
-0.045210 
-0.045076 
-0.045088 
-0.045296 
-0.045704 
-0.046291 
-0.047005 
-0.047777 
-0.048556 
-0.049311 
-0.050041 
-0.050777 
-0.051570 
-0.052464 
-0.053495 
-0.054661 
-0.055925 
-0.057218 
-0.058456 
-0.059555 
-0.060451 
-0.061120 
-0.061574 
-0.061862 
-0.062055 
-0.062222 
-0.062413 
-0.062641 
-0.062884 
-0.063077 
-0.063136 
-0.062980 
-0.062540 
-0.061788 
-0.060741 
-0.059456 
-0.058021 
-0.056543 
-0.055111 
-0.053798 
-0.052643 
-0.051637 
-0.050747 
-0.049928 
-0.049116 
-0.048270 
-0.047375 
-0.046427 
-0.045454 
-0.044503 
-0.043607 
-0.042799 
-0.042103 
-0.041503 
-0.040975 
-0.040491 
-0.040006 
-0.039487 
-0.038934 
-0.038342 
-0.037740 
-0.037180 
-0.036703 
-0.036354 
-0.036174 
-0.036168 
-0.036323 
-0.036617 
-0.036994 
-0.037397 
-0.037783 
-0.038106 
-0.038346 
-0.038514 
-0.038625 
-0.038712 
-0.038824 
-0.038983 
-0.039204 
-0.039489 
-0.039807 
-0.040114 
-0.040374 
-0.040541 
-0.040590 
-0.040528 
-0.040376 
-0.040177 
-0.039993 
-0.039870 
-0.039846 
-0.039940 
-0.040136 
-0.040398 
-0.040684 
-0.040946 
-0.041146 
-0.041278 
-0.041352 
-0.041395 
-0.041448 
-0.041544 
-0.041693 
-0.041886 
-0.042086 
-0.042236 
-0.042276 
-0.042166 
-0.041886 
-0.041457 
-0.040943 
-0.040424 
-0.039988 
-0.039716 
-0.039648 
-0.039774 
-0.040049 
-0.040379 
-0.040653 
-0.040778 
-0.040683 
-0.040337 
-0.039777 
-0.039067 
-0.038294 
-0.037557 
-0.036925 
-0.036418 
-0.036032 
-0.035712 
-0.035377 
-0.034962 
-0.034419 
-0.033726 
-0.032923 
-0.032075 
-0.031256 
-0.030555 
-0.030029 
-0.029686 
-0.029508 
-0.029438 
-0.029390 
-0.029301 
-0.029123 
-0.028839 
-0.028491 
-0.028148 
-0.027889 
-0.027805 
-0.027956 
-0.028355 
-0.028986 
-0.029789 
-0.030672 
-0.031558 
-0.032375 
-0.033082 
-0.033688 
-0.034233 
-0.034774 
-0.035389 
-0.036141 
-0.037059 
-0.038150 
-0.039382 
-0.040688 
-0.041998 
-0.043233 
-0.044327 
-0.045242 
-0.045962 
-0.046493 
-0.046864 
-0.047110 
-0.047263 
-0.047354 
-0.047399 
-0.047403 
-0.047365 
-0.047281 
-0.047146 
-0.046962 
-0.046740 
-0.046492 
-0.046232 
-0.045980 
-0.045741 
-0.045509 
-0.045272 
-0.045003 
-0.044665 
-0.044227 
-0.043664 
-0.042955 
-0.042114 
-0.041174 
-0.040178 
-0.039196 
-0.038303 
-0.037557 
-0.037006 
-0.036678 
-0.036556 
-0.036606 
-0.036778 
-0.036999 
-0.037208 
-0.037364 
-0.037435 
-0.037421 
-0.037350 
-0.037246 
-0.037146 
-0.037084 
-0.037066 
-0.037094 
-0.037167 
-0.037264 
-0.037384 
-0.037546 
-0.037767 
-0.038087 
-0.038560 
-0.039209 
-0.040046 
-0.041065 
-0.042209 
-0.043404 
-0.044576 
-0.045639 
-0.046538 
-0.047261 
-0.047820 
-0.048264 
-0.048674 
-0.049114 
-0.049634 
-0.050266 
-0.050984 
-0.051738 
-0.052465 
-0.053090 
-0.053554 
-0.053843 
-0.053962 
-0.053953 
-0.053880 
-0.053798 
-0.053747 
-0.053742 
-0.053761 
-0.053752 
-0.053660 
-0.053428 
-0.053024 
-0.052452 
-0.051747 
-0.050969 
-0.050192 
-0.049480 
-0.048871 
-0.048369 
-0.047945 
-0.047541 
-0.047095 
-0.046557 
-0.045902 
-0.045141 
-0.044334 
-0.043556 
-0.042895 
-0.042435 
-0.042224 
-0.042268 
-0.042539 
-0.042964 
-0.043451 
-0.043915 
-0.044279 
-0.044493 
-0.044556 
-0.044488 
-0.044329 
-0.044147 
-0.043996 
-0.043913 
-0.043935 
-0.044068 
-0.044301 
-0.044628 
-0.045031 
-0.045489 
-0.045998 
-0.046551 
-0.047132 
-0.047737 
-0.048354 
-0.048956 
-0.049527 
-0.050046 
-0.050486 
-0.050841 
-0.051105 
-0.051273 
-0.051362 
-0.051390 
-0.051368 
-0.051330 
-0.051298 
-0.051290 
-0.051332 
-0.051438 
-0.051606 
-0.051836 
-0.052113 
-0.052400 
-0.052673 
-0.052897 
-0.053038 
-0.053088 
-0.053049 
-0.052930 
-0.052765 
-0.052593 
-0.052436 
-0.052314 
-0.052235 
-0.052173 
-0.052102 
-0.051991 
-0.051804 
-0.051527 
-0.051165 
-0.050739 
-0.050284 
-0.049846 
-0.049455 
-0.049131 
-0.048879 
-0.048680 
-0.048510 
-0.048349 
-0.048184 
-0.048022 
-0.047892 
-0.047830 
-0.047870 
-0.048031 
-0.048301 
-0.048628 
-0.048933 
-0.049120 
-0.049091 
-0.048782 
-0.048179 
-0.047321 
-0.046309 
-0.045289 
-0.044412 
-0.043820 
-0.043612 
-0.043813 
-0.044383 
-0.045231 
-0.046216 
-0.047199 
-0.048074 
-0.048764 
-0.049256 
-0.049591 
-0.049828 
-0.050038 
-0.050284 
-0.050580 
-0.050909 
-0.051233 
-0.051488 
-0.051633 
-0.051666 
-0.051614 
-0.051556 
-0.051602 
-0.051852 
-0.052385 
-0.053232 
-0.054347 
-0.055627 
-0.056928 
-0.058072 
-0.058908 
-0.059334 
-0.059299 
-0.058834 
-0.058038 
-0.057030 
-0.055950 
-0.054923 
-0.054019 
-0.053260 
-0.052635 
-0.052079 
-0.051522 
-0.050915 
-0.050219 
-0.049428 
-0.048578 
-0.047712 
-0.046874 
-0.046112 
-0.045438 
-0.044846 
-0.044318 
-0.043824 
-0.043339 
-0.042860 
-0.042403 
-0.042002 
-0.041706 
-0.041564 
-0.041607 
-0.041849 
-0.042275 
-0.042844 
-0.043502 
-0.044195 
-0.044874 
-0.045513 
-0.046113 
-0.046691 
-0.047281 
-0.047922 
-0.048642 
-0.049450 
-0.050342 
-0.051283 
-0.052228 
-0.053130 
-0.053936 
-0.054606 
-0.055119 
-0.055462 
-0.055634 
-0.055652 
-0.055527 
-0.055267 
-0.054896 
-0.054422 
-0.053855 
-0.053222 
-0.052541 
-0.051834 
-0.051137 
-0.050477 
-0.049868 
-0.049329 
-0.048863 
-0.048452 
-0.048088 
-0.047749 
-0.047405 
-0.047048 
-0.046671 
-0.046265 
-0.045848 
-0.045438 
-0.045048 
-0.044706 
-0.044436 
-0.044245 
-0.044149 
-0.044155 
-0.044248 
-0.044425 
-0.044670 
-0.044951 
-0.045252 
-0.045553 
-0.045828 
-0.046075 
-0.046298 
-0.046498 
-0.046699 
-0.046925 
-0.047188 
-0.047504 
-0.047872 
-0.048270 
-0.048672 
-0.049040 
-0.049328 
-0.049504 
-0.049548 
-0.049453 
-0.049236 
-0.048931 
-0.048575 
-0.048215 
-0.047887 
-0.047614 
-0.047406 
-0.047261 
-0.047171 
-0.047125 
-0.047123 
-0.047174 
-0.047292 
-0.047502 
-0.047824 
-0.048260 
-0.048794 
-0.049387 
-0.049972 
-0.050476 
-0.050827 
-0.050961 
-0.050856 
-0.050525 
-0.050016 
-0.049416 
-0.048828 
-0.048340 
-0.048032 
-0.047943 
-0.048059 
-0.048337 
-0.048708 
-0.049076 
-0.049367 
-0.049534 
-0.049547 
-0.049422 
-0.049204 
-0.048931 
-0.048648 
-0.048389 
-0.048143 
-0.047890 
-0.047604 
-0.047242 
-0.046790 
-0.046271 
-0.045719 
-0.045207 
-0.044828 
-0.044652 
-0.044729 
-0.045081 
-0.045667 
-0.046411 
-0.047223 
-0.047991 
-0.048627 
-0.049089 
-0.049362 
-0.049481 
-0.049519 
-0.049550 
-0.049642 
-0.049848 
-0.050173 
-0.050589 
-0.051056 
-0.051509 
-0.051891 
-0.052178 
-0.052360 
-0.052457 
