-0.050012 
-0.050091 
-0.050171 
-0.050250 
-0.050329 
-0.050408 
-0.050486 
-0.050564 
-0.050642 
-0.050720 
-0.050797 
-0.050875 
-0.050952 
-0.051028 
-0.051105 
-0.051181 
-0.051257 
-0.051332 
-0.051407 
-0.051482 
-0.051557 
-0.051632 
-0.051706 
-0.051780 
-0.051853 
-0.051926 
-0.051999 
-0.052072 
-0.052145 
-0.052217 
-0.052289 
-0.052360 
-0.052432 
-0.052503 
-0.052573 
-0.052644 
-0.052714 
-0.052784 
-0.052854 
-0.052923 
-0.052992 
-0.053061 
-0.053130 
-0.053198 
-0.053266 
-0.053334 
-0.053402 
-0.053469 
-0.053537 
-0.053604 
-0.053671 
-0.053737 
-0.053804 
-0.053870 
-0.053936 
-0.054002 
-0.054068 
-0.054133 
-0.054199 
-0.054264 
-0.054329 
-0.054394 
-0.054459 
-0.054524 
-0.054589 
-0.054653 
-0.054718 
-0.054783 
-0.054847 
-0.054911 
-0.054976 
-0.055040 
-0.055104 
-0.055169 
-0.055233 
-0.055297 
-0.055362 
-0.055426 
-0.055491 
-0.055555 
-0.055620 
-0.055684 
-0.055749 
-0.055814 
-0.055879 
-0.055944 
-0.056009 
-0.056074 
-0.056140 
-0.056205 
-0.056271 
-0.056337 
-0.056403 
-0.056469 
-0.056536 
-0.056602 
-0.056669 
-0.056737 
-0.056804 
-0.056872 
-0.056939 
-0.057008 
-0.057076 
-0.057145 
-0.057214 
-0.057283 
-0.057352 
-0.057422 
-0.057493 
-0.057563 
-0.057634 
-0.057705 
-0.057777 
-0.057848 
-0.057921 
-0.057993 
-0.058066 
-0.058139 
-0.058213 
-0.058287 
-0.058361 
-0.058436 
-0.058511 
-0.058587 
-0.058663 
-0.058739 
-0.058816 
-0.058893 
-0.058970 
-0.059048 
-0.059126 
-0.059205 
-0.059284 
-0.059364 
-0.059444 
-0.059524 
-0.059605 
-0.059686 
-0.059767 
-0.059849 
-0.059931 
-0.060014 
-0.060097 
-0.060180 
-0.060264 
-0.060348 
-0.060433 
-0.060518 
-0.060603 
-0.060689 
-0.060775 
-0.060862 
-0.060949 
-0.061036 
-0.061123 
-0.061211 
-0.061299 
-0.061388 
-0.061477 
-0.061566 
-0.061656 
-0.061746 
-0.061836 
-0.061926 
-0.062017 
-0.062108 
-0.062200 
-0.062292 
-0.062384 
-0.062476 
-0.062569 
-0.062661 
-0.062754 
-0.062848 
-0.062941 
-0.063035 
-0.063129 
-0.063224 
-0.063318 
-0.063413 
-0.063508 
-0.063603 
-0.063699 
-0.063794 
-0.063890 
-0.063986 
-0.064082 
-0.064179 
-0.064275 
-0.064372 
-0.064469 
-0.064566 
-0.064663 
-0.064760 
-0.064858 
-0.064955 
-0.065053 
-0.065151 
-0.065249 
-0.065347 
-0.065445 
-0.065543 
-0.065642 
-0.065740 
-0.065839 
-0.065937 
-0.066036 
-0.066135 
-0.066234 
-0.066333 
-0.066432 
-0.066531 
-0.066630 
-0.066729 
-0.066828 
-0.066927 
-0.067027 
-0.067126 
-0.067225 
-0.067325 
-0.067424 
-0.067523 
-0.067623 
-0.067722 
-0.067821 
-0.067921 
-0.068020 
-0.068119 
-0.068218 
-0.068318 
-0.068417 
-0.068516 
-0.068615 
-0.068714 
-0.068813 
-0.068912 
-0.069011 
-0.069109 
-0.069208 
-0.069306 
-0.069405 
-0.069503 
-0.069601 
-0.069699 
-0.069797 
-0.069895 
-0.069993 
-0.070090 
-0.070187 
-0.070284 
-0.070381 
-0.070478 
-0.070575 
-0.070671 
-0.070767 
-0.070863 
-0.070958 
-0.071053 
-0.071148 
-0.071243 
-0.071337 
-0.071431 
-0.071525 
-0.071618 
-0.071711 
-0.071804 
-0.071896 
-0.071988 
-0.072079 
-0.072170 
-0.072261 
-0.072351 
-0.072440 
-0.072529 
-0.072618 
-0.072706 
-0.072793 
-0.072880 
-0.072966 
-0.073052 
-0.073137 
-0.073221 
-0.073305 
-0.073388 
-0.073470 
-0.073552 
-0.073632 
-0.073712 
-0.073791 
-0.073870 
-0.073947 
-0.074024 
-0.074099 
-0.074174 
-0.074248 
-0.074321 
-0.074392 
-0.074463 
-0.074533 
-0.074602 
-0.074669 
-0.074736 
-0.074801 
-0.074865 
-0.074928 
-0.074990 
-0.075051 
-0.075110 
-0.075168 
-0.075225 
-0.075280 
-0.075334 
-0.075386 
-0.075438 
-0.075487 
-0.075535 
-0.075582 
-0.075627 
-0.075671 
-0.075713 
-0.075753 
-0.075792 
-0.075829 
-0.075864 
-0.075898 
-0.075930 
-0.075960 
-0.075988 
-0.076015 
-0.076040 
-0.076063 
-0.076084 
-0.076103 
-0.076120 
-0.076135 
-0.076148 
-0.076159 
-0.076168 
-0.076176 
-0.076181 
-0.076183 
-0.076184 
-0.076183 
-0.076180 
-0.076174 
-0.076166 
-0.076156 
-0.076144 
-0.076129 
-0.076112 
-0.076093 
-0.076072 
-0.076048 
-0.076022 
-0.075993 
-0.075963 
-0.075929 
-0.075894 
-0.075856 
-0.075815 
-0.075772 
-0.075727 
-0.075679 
-0.075628 
-0.075575 
-0.075520 
-0.075462 
-0.075401 
-0.075338 
-0.075273 
-0.075205 
-0.075134 
-0.075061 
-0.074985 
-0.074906 
-0.074825 
-0.074741 
-0.074655 
-0.074566 
-0.074474 
-0.074380 
-0.074283 
-0.074183 
-0.074081 
-0.073976 
-0.073868 
-0.073758 
-0.073645 
-0.073529 
-0.073411 
-0.073290 
-0.073167 
-0.073040 
-0.072911 
-0.072780 
-0.072645 
-0.072508 
-0.072368 
-0.072226 
-0.072081 
-0.071933 
-0.071783 
-0.071630 
-0.071474 
-0.071315 
-0.071154 
-0.070990 
-0.070824 
-0.070654 
-0.070483 
-0.070308 
-0.070131 
-0.069951 
-0.069769 
-0.069584 
-0.069396 
-0.069205 
-0.069012 
-0.068817 
-0.068618 
-0.068417 
-0.068214 
-0.068007 
-0.067799 
-0.067587 
-0.067373 
-0.067156 
-0.066937 
-0.066715 
-0.066491 
-0.066264 
-0.066034 
-0.065802 
-0.065567 
-0.065330 
-0.065090 
-0.064847 
-0.064602 
-0.064354 
-0.064104 
-0.063852 
-0.063596 
-0.063338 
-0.063078 
-0.062815 
-0.062550 
-0.062282 
-0.062011 
-0.061738 
-0.061462 
-0.061184 
-0.060904 
-0.060621 
-0.060335 
-0.060047 
-0.059756 
-0.059463 
-0.059168 
-0.058870 
-0.058569 
-0.058266 
-0.057961 
-0.057653 
-0.057342 
-0.057029 
-0.056714 
-0.056396 
-0.056076 
-0.055753 
-0.055428 
-0.055100 
-0.054770 
-0.054438 
-0.054103 
-0.053766 
-0.053426 
-0.053084 
-0.052739 
-0.052392 
-0.052043 
-0.051691 
-0.051337 
-0.050980 
-0.050621 
-0.050260 
-0.049896 
-0.049530 
-0.049161 
-0.048791 
-0.048417 
-0.048042 
-0.047664 
-0.047284 
-0.046901 
-0.046516 
-0.046129 
-0.045740 
-0.045348 
-0.044954 
-0.044557 
-0.044158 
-0.043757 
-0.043354 
-0.042949 
-0.042541 
-0.042131 
-0.041719 
-0.041304 
-0.040887 
-0.040468 
-0.040047 
-0.039624 
-0.039198 
-0.038771 
-0.038341 
-0.037909 
-0.037474 
-0.037038 
-0.036600 
-0.036159 
-0.035716 
-0.035272 
-0.034825 
-0.034376 
-0.033925 
-0.033472 
-0.033017 
-0.032560 
-0.032100 
-0.031639 
-0.031176 
-0.030711 
-0.030244 
-0.029775 
-0.029304 
-0.028831 
-0.028356 
-0.027879 
-0.027401 
-0.026920 
-0.026438 
-0.025954 
-0.025468 
-0.024980 
-0.024490 
-0.023998 
-0.023505 
-0.023010 
-0.022513 
-0.022014 
-0.021514 
-0.021012 
-0.020508 
-0.020002 
-0.019495 
-0.018986 
-0.018476 
-0.017963 
-0.017450 
-0.016934 
-0.016417 
-0.015898 
-0.015378 
-0.014856 
-0.014333 
-0.013807 
-0.013281 
-0.012753 
-0.012223 
-0.011692 
-0.011159 
-0.010625 
-0.010089 
-0.009552 
-0.009013 
-0.008473 
-0.007931 
-0.007388 
-0.006844 
-0.006298 
-0.005750 
-0.005202 
-0.004651 
-0.004100 
-0.003547 
-0.002992 
-0.002436 
-0.001879 
-0.001320 
-0.000760 
-0.000199 
0.000364 
0.000928 
0.001494 
0.002061 
0.002629 
0.003199 
0.003770 
0.004342 
0.004916 
0.005491 
0.006068 
0.006646 
0.007225 
0.007805 
0.008387 
0.008971 
0.009555 
0.010141 
0.010729 
0.011318 
0.011908 
0.012499 
0.013092 
0.013686 
0.014282 
0.014879 
0.015478 
0.016077 
0.016679 
0.017281 
0.017885 
0.018491 
0.019098 
0.019706 
0.020315 
0.020927 
0.021539 
0.022153 
0.022768 
0.023385 
0.024003 
0.024623 
0.025244 
0.025867 
0.026491 
0.027116 
0.027743 
0.028372 
0.029002 
0.029633 
0.030266 
0.030900 
0.031536 
0.032173 
0.032812 
0.033452 
0.034094 
0.034737 
0.035382 
0.036028 
0.036676 
0.037325 
0.037976 
0.038628 
0.039282 
0.039937 
0.040594 
0.041252 
0.041911 
0.042573 
0.043235 
0.043899 
0.044565 
0.045232 
0.045900 
0.046570 
0.047242 
0.047914 
0.048589 
0.049264 
0.049941 
0.050620 
0.051300 
0.051981 
0.052664 
0.053348 
0.054034 
0.054720 
0.055409 
0.056098 
0.056789 
0.057481 
0.058174 
0.058869 
0.059565 
0.060262 
0.060961 
0.061660 
0.062361 
0.063063 
0.063766 
0.064470 
0.065176 
0.065882 
0.066590 
0.067299 
0.068008 
0.068719 
0.069431 
0.070143 
0.070857 
0.071571 
0.072287 
0.073003 
0.073720 
0.074438 
0.075157 
0.075876 
0.076597 
0.077317 
0.078039 
0.078761 
0.079484 
0.080208 
0.080932 
0.081656 
0.082381 
0.083107 
0.083833 
0.084559 
0.085286 
0.086013 
0.086740 
0.087468 
0.088195 
0.088924 
0.089652 
0.090380 
0.091108 
0.091837 
0.092565 
0.093294 
0.094022 
0.094751 
0.095479 
0.096207 
0.096935 
0.097662 
0.098389 
0.099116 
0.099843 
0.100569 
0.101295 
0.102020 
0.102745 
0.103470 
0.104193 
0.104916 
0.105639 
0.106360 
0.107081 
0.107801 
0.108521 
0.109239 
0.109957 
0.110673 
0.111389 
0.112104 
0.112817 
0.113529 
0.114241 
0.114951 
0.115660 
0.116367 
0.117073 
0.117778 
0.118482 
0.119184 
0.119884 
0.120583 
0.121281 
0.121977 
0.122671 
0.123364 
0.124055 
0.124744 
0.125431 
0.126117 
0.126800 
0.127482 
0.128162 
0.128839 
0.129515 
0.130189 
0.130860 
0.131529 
0.132197 
0.132861 
0.133524 
0.134184 
0.134842 
0.135498 
0.136151 
0.136802 
0.137450 
0.138095 
0.138738 
0.139379 
0.140016 
0.140651 
0.141283 
0.141913 
0.142539 
0.143163 
0.143784 
0.144402 
0.145017 
0.145629 
0.146237 
0.146843 
0.147446 
0.148045 
0.148641 
0.149234 
0.149824 
0.150411 
0.150994 
0.151573 
0.152150 
0.152722 
0.153292 
0.153857 
0.154420 
0.154978 
0.155533 
0.156084 
0.156632 
0.157176 
0.157716 
0.158252 
0.158784 
0.159313 
0.159837 
0.160358 
0.160875 
0.161387 
0.161896 
0.162401 
0.162901 
0.163397 
0.163889 
0.164377 
0.164861 
0.165340 
0.165816 
0.166286 
0.166753 
0.167215 
0.167673 
0.168126 
0.168575 
0.169019 
0.169459 
0.169894 
0.170325 
0.170751 
0.171173 
0.171589 
0.172002 
0.172409 
0.172812 
0.173210 
0.173603 
0.173992 
0.174375 
0.174754 
0.175129 
0.175498 
0.175862 
0.176222 
0.176576 
0.176926 
0.177270 
0.177610 
0.177945 
0.178275 
0.178600 
0.178919 
0.179234 
0.179544 
0.179848 
0.180148 
0.180443 
0.180732 
0.181016 
0.181296 
0.181570 
0.181839 
0.182103 
0.182362 
0.182616 
0.182864 
0.183108 
0.183346 
0.183580 
0.183808 
0.184031 
0.184249 
0.184462 
0.184670 
0.184872 
0.185070 
0.185262 
0.185450 
0.185632 
0.185809 
0.185982 
0.186149 
0.186311 
0.186468 
0.186620 
0.186767 
0.186910 
0.187047 
0.187179 
0.187307 
0.187429 
0.187547 
0.187660 
0.187768 
0.187871 
0.187969 
0.188063 
0.188152 
0.188236 
0.188315 
0.188390 
0.188460 
0.188526 
0.188587 
0.188643 
0.188695 
0.188743 
0.188786 
0.188825 
0.188859 
0.188889 
0.188915 
0.188936 
0.188953 
0.188966 
0.188975 
0.188980 
0.188980 
0.188977 
0.188970 
0.188958 
0.188943 
0.188924 
0.188901 
0.188874 
0.188844 
0.188810 
0.188772 
0.188731 
0.188686 
0.188637 
0.188585 
0.188530 
0.188471 
0.188409 
0.188344 
0.188276 
0.188204 
0.188129 
0.188051 
0.187970 
0.187886 
0.187799 
0.187710 
0.187617 
0.187521 
0.187423 
0.187322 
0.187219 
0.187113 
0.187004 
0.186893 
0.186779 
0.186663 
0.186545 
0.186424 
0.186301 
0.186176 
0.186049 
0.185919 
0.185787 
0.185654 
0.185518 
0.185381 
0.185242 
0.185100 
0.184957 
0.184813 
0.184666 
0.184518 
0.184368 
0.184217 
0.184064 
0.183910 
0.183755 
0.183597 
0.183439 
0.183279 
0.183118 
0.182956 
0.182793 
0.182628 
0.182463 
0.182296 
0.182128 
0.181960 
0.181790 
0.181620 
0.181448 
0.181276 
0.181103 
0.180929 
0.180755 
0.180580 
0.180404 
0.180227 
0.180050 
0.179873 
0.179695 
0.179516 
0.179337 
0.179158 
0.178978 
0.178798 
0.178617 
0.178436 
0.178255 
0.178074 
0.177892 
0.177711 
0.177529 
0.177347 
0.177165 
0.176983 
0.176800 
0.176618 
0.176436 
0.176254 
0.176071 
0.175889 
0.175707 
0.175525 
0.175343 
0.175162 
0.174980 
0.174799 
0.174618 
0.174437 
0.174257 
0.174076 
0.173897 
0.173717 
0.173538 
0.173359 
0.173180 
0.173002 
0.172824 
0.172647 
0.172470 
0.172293 
0.172117 
0.171942 
0.171767 
0.171592 
0.171418 
0.171245 
0.171072 
0.170900 
0.170728 
0.170557 
0.170386 
0.170216 
0.170047 
0.169878 
0.169710 
0.169543 
0.169376 
0.169210 
0.169045 
0.168880 
0.168716 
0.168553 
0.168390 
0.168229 
0.168067 
0.167907 
0.167747 
0.167589 
0.167430 
0.167273 
0.167116 
0.166961 
0.166806 
0.166651 
0.166498 
0.166345 
0.166193 
0.166042 
0.165891 
0.165741 
0.165593 
0.165444 
0.165297 
0.165150 
0.165005 
0.164860 
0.164715 
0.164572 
0.164429 
0.164287 
0.164146 
0.164005 
0.163865 
0.163726 
0.163588 
0.163450 
0.163313 
0.163177 
0.163042 
0.162907 
0.162773 
0.162639 
0.162506 
0.162374 
0.162242 
0.162111 
0.161981 
0.161851 
0.161722 
0.161593 
0.161465 
0.161337 
0.161210 
0.161083 
0.160957 
0.160831 
0.160706 
0.160581 
0.160456 
0.160332 
0.160208 
0.160084 
0.159961 
0.159838 
0.159716 
0.159593 
0.159471 
0.159349 
0.159227 
0.159105 
0.158984 
0.158862 
0.158741 
0.158620 
0.158498 
0.158377 
0.158255 
0.158134 
0.158012 
0.157890 
0.157769 
0.157646 
0.157524 
0.157402 
0.157279 
0.157156 
0.157032 
0.156908 
0.156784 
0.156660 
0.156534 
0.156409 
0.156283 
0.156156 
0.156029 
0.155901 
0.155772 
0.155643 
0.155513 
0.155383 
0.155251 
0.155119 
0.154986 
0.154852 
0.154717 
0.154581 
0.154444 
0.154307 
0.154168 
0.154028 
0.153887 
0.153745 
0.153602 
0.153457 
0.153312 
0.153165 
0.153017 
0.152867 
0.152716 
0.152564 
0.152411 
0.152256 
0.152099 
0.151941 
0.151782 
0.151621 
0.151458 
0.151294 
0.151129 
0.150961 
0.150792 
0.150622 
0.150449 
0.150275 
0.150099 
0.149922 
0.149742 
0.149561 
0.149378 
0.149193 
0.149006 
0.148817 
0.148627 
0.148434 
0.148240 
0.148043 
0.147845 
0.147644 
0.147442 
0.147237 
0.147030 
0.146822 
0.146611 
0.146398 
0.146183 
0.145966 
0.145747 
0.145526 
0.145303 
0.145077 
0.144849 
0.144620 
0.144388 
0.144153 
0.143917 
0.143679 
0.143438 
0.143195 
0.142950 
0.142703 
0.142453 
0.142201 
0.141948 
0.141691 
0.141433 
0.141173 
0.140910 
0.140645 
0.140378 
0.140109 
0.139837 
0.139564 
0.139288 
0.139010 
0.138730 
0.138447 
0.138163 
0.137876 
0.137587 
0.137296 
0.137003 
0.136708 
0.136411 
0.136111 
0.135810 
0.135506 
0.135200 
0.134893 
0.134583 
0.134271 
0.133957 
0.133641 
0.133323 
0.133003 
0.132681 
0.132357 
0.132031 
0.131703 
0.131373 
0.131041 
0.130707 
0.130372 
0.130034 
0.129695 
0.129353 
0.129010 
0.128665 
0.128318 
0.127970 
0.127619 
0.127267 
0.126913 
0.126557 
0.126200 
0.125840 
0.125480 
0.125117 
0.124752 
0.124386 
0.124019 
0.123649 
0.123278 
0.122906 
0.122532 
0.122156 
0.121779 
0.121400 
0.121019 
0.120637 
0.120254 
0.119869 
0.119483 
0.119095 
0.118705 
0.118315 
0.117922 
0.117529 
0.117134 
0.116738 
0.116340 
0.115941 
0.115540 
0.115139 
0.114736 
0.114331 
0.113926 
0.113519 
0.113111 
0.112702 
0.112291 
0.111879 
0.111467 
0.111052 
0.110637 
0.110221 
0.109804 
0.109385 
0.108965 
0.108545 
0.108123 
0.107700 
0.107276 
0.106851 
0.106425 
0.105998 
0.105571 
0.105142 
0.104712 
0.104281 
0.103850 
0.103417 
0.102984 
0.102550 
0.102115 
0.101679 
0.101242 
0.100805 
0.100367 
0.099928 
0.099488 
0.099048 
0.098607 
0.098165 
0.097722 
0.097279 
0.096835 
0.096391 
0.095946 
0.095501 
0.095054 
0.094608 
0.094161 
0.093713 
0.093265 
0.092816 
0.092367 
0.091918 
0.091468 
0.091017 
0.090567 
0.090116 
0.089664 
0.089213 
0.088761 
0.088309 
0.087856 
0.087404 
0.086951 
0.086498 
0.086045 
0.085591 
0.085138 
0.084684 
0.084231 
0.083777 
0.083323 
0.082870 
0.082416 
0.081962 
0.081509 
0.081055 
0.080602 
0.080148 
0.079695 
0.079242 
0.078789 
0.078336 
0.077884 
0.077432 
0.076980 
0.076528 
0.076077 
0.075626 
0.075175 
0.074724 
0.074275 
0.073825 
0.073376 
0.072927 
0.072479 
0.072031 
0.071584 
0.071137 
0.070691 
0.070245 
0.069800 
0.069355 
0.068911 
0.068468 
0.068025 
0.067583 
0.067142 
0.066701 
0.066261 
0.065822 
0.065383 
0.064945 
0.064508 
0.064072 
0.063636 
0.063201 
0.062767 
0.062334 
0.061902 
0.061470 
0.061040 
0.060610 
0.060181 
0.059753 
0.059325 
0.058899 
0.058474 
0.058049 
0.057625 
0.057203 
0.056781 
0.056360 
0.055940 
0.055521 
0.055103 
0.054686 
0.054270 
0.053855 
0.053440 
0.053027 
0.052615 
0.052203 
0.051793 
0.051383 
0.050975 
0.050567 
0.050160 
0.049755 
0.049350 
0.048946 
0.048543 
0.048141 
0.047740 
0.047340 
0.046941 
0.046543 
0.046146 
0.045749 
0.045354 
0.044959 
0.044565 
0.044173 
0.043781 
0.043390 
0.043000 
0.042610 
0.042222 
0.041834 
0.041448 
0.041062 
0.040677 
0.040292 
0.039909 
0.039526 
0.039144 
0.038763 
0.038383 
0.038003 
0.037624 
0.037246 
0.036869 
0.036492 
0.036116 
0.035741 
0.035367 
0.034993 
0.034620 
0.034247 
0.033875 
0.033504 
0.033134 
0.032764 
0.032394 
0.032026 
0.031658 
0.031290 
0.030923 
0.030557 
0.030191 
0.029826 
0.029462 
0.029098 
0.028734 
0.028371 
0.028009 
0.027647 
0.027285 
0.026925 
0.026564 
0.026204 
0.025845 
0.025486 
0.025128 
0.024770 
0.024412 
0.024056 
0.023699 
0.023343 
0.022987 
0.022632 
0.022278 
0.021924 
0.021570 
0.021217 
0.020864 
0.020511 
0.020159 
0.019808 
0.019457 
0.019106 
0.018756 
0.018406 
0.018057 
0.017708 
0.017360 
0.017012 
0.016664 
0.016317 
0.015971 
0.015625 
0.015279 
0.014934 
0.014589 
0.014245 
0.013901 
0.013558 
0.013215 
0.012873 
0.012531 
0.012190 
0.011849 
0.011509 
0.011169 
0.010830 
0.010491 
0.010153 
0.009816 
0.009479 
0.009142 
0.008806 
0.008471 
0.008136 
0.007802 
0.007468 
0.007135 
0.006803 
0.006471 
0.006140 
0.005810 
0.005480 
0.005151 
0.004822 
0.004495 
0.004167 
0.003841 
0.003515 
0.003190 
0.002866 
0.002542 
0.002220 
0.001898 
0.001576 
0.001256 
0.000936 
0.000617 
0.000299 
-0.000019 
-0.000335 
-0.000651 
-0.000966 
-0.001280 
-0.001593 
-0.001906 
-0.002217 
-0.002528 
-0.002838 
-0.003147 
-0.003455 
-0.003762 
-0.004068 
-0.004373 
-0.004678 
-0.004981 
-0.005283 
-0.005585 
-0.005885 
-0.006185 
-0.006484 
-0.006781 
-0.007078 
-0.007373 
-0.007668 
-0.007962 
-0.008254 
-0.008546 
-0.008836 
-0.009126 
-0.009414 
-0.009701 
-0.009988 
-0.010273 
-0.010557 
-0.010840 
-0.011122 
-0.011403 
-0.011682 
-0.011961 
-0.012238 
-0.012515 
-0.012790 
-0.013064 
-0.013337 
-0.013609 
-0.013879 
-0.014149 
-0.014417 
-0.014684 
-0.014950 
-0.015215 
-0.015478 
-0.015740 
-0.016001 
-0.016261 
-0.016519 
-0.016777 
-0.017033 
-0.017287 
-0.017541 
-0.017793 
-0.018044 
-0.018293 
-0.018542 
-0.018789 
-0.019034 
-0.019279 
-0.019522 
-0.019763 
-0.020003 
-0.020242 
-0.020480 
-0.020716 
-0.020950 
-0.021184 
-0.021416 
-0.021646 
-0.021875 
-0.022102 
-0.022328 
-0.022553 
-0.022776 
-0.022998 
-0.023218 
-0.023436 
-0.023653 
-0.023869 
-0.024083 
-0.024295 
-0.024506 
-0.024715 
-0.024922 
-0.025128 
-0.025333 
-0.025535 
-0.025736 
-0.025936 
-0.026133 
-0.026329 
-0.026524 
-0.026716 
-0.026907 
-0.027096 
-0.027284 
-0.027469 
-0.027653 
-0.027835 
-0.028015 
-0.028194 
-0.028371 
-0.028545 
-0.028718 
-0.028889 
-0.029059 
-0.029226 
-0.029392 
-0.029555 
-0.029717 
-0.029877 
-0.030035 
-0.030190 
-0.030344 
-0.030496 
-0.030647 
-0.030795 
-0.030941 
-0.031085 
-0.031227 
-0.031367 
-0.031505 
-0.031641 
-0.031775 
-0.031907 
-0.032037 
-0.032165 
-0.032291 
-0.032415 
-0.032537 
-0.032657 
-0.032775 
-0.032890 
-0.033004 
-0.033115 
-0.033225 
-0.033332 
-0.033438 
-0.033541 
-0.033642 
-0.033741 
-0.033838 
-0.033934 
-0.034027 
-0.034118 
-0.034207 
-0.034293 
-0.034378 
-0.034461 
-0.034542 
-0.034621 
-0.034698 
-0.034773 
-0.034845 
-0.034916 
-0.034985 
-0.035052 
-0.035117 
-0.035181 
-0.035242 
-0.035301 
-0.035359 
-0.035414 
-0.035468 
-0.035520 
-0.035570 
-0.035618 
-0.035665 
-0.035709 
-0.035752 
-0.035794 
-0.035833 
-0.035871 
-0.035907 
-0.035942 
-0.035975 
-0.036006 
-0.036036 
-0.036064 
-0.036090 
-0.036116 
-0.036139 
-0.036161 
-0.036182 
-0.036202 
-0.036220 
-0.036236 
-0.036252 
-0.036266 
-0.036278 
-0.036290 
-0.036300 
-0.036309 
-0.036317 
-0.036324 
-0.036330 
-0.036335 
-0.036338 
-0.036341 
-0.036343 
-0.036343 
-0.036343 
-0.036342 
-0.036340 
-0.036338 
-0.036334 
-0.036330 
-0.036325 
-0.036319 
-0.036313 
-0.036306 
-0.036299 
-0.036291 
-0.036282 
-0.036273 
-0.036263 
-0.036253 
-0.036243 
-0.036232 
-0.036221 
-0.036210 
-0.036198 
-0.036186 
-0.036174 
-0.036161 
-0.036149 
-0.036136 
-0.036124 
-0.036111 
-0.036098 
-0.036085 
-0.036072 
-0.036060 
-0.036047 
-0.036034 
-0.036022 
-0.036010 
-0.035998 
-0.035986 
-0.035974 
-0.035963 
-0.035952 
-0.035941 
-0.035931 
-0.035921 
-0.035911 
-0.035902 
-0.035894 
-0.035885 
-0.035878 
-0.035871 
-0.035864 
-0.035858 
-0.035852 
-0.035847 
-0.035843 
-0.035839 
-0.035837 
-0.035834 
-0.035833 
-0.035832 
-0.035832 
-0.035832 
-0.035834 
-0.035836 
-0.035839 
-0.035843 
-0.035848 
-0.035853 
-0.035860 
-0.035867 
-0.035875 
-0.035884 
-0.035895 
-0.035906 
-0.035917 
-0.035930 
-0.035944 
-0.035959 
-0.035975 
-0.035992 
-0.036010 
-0.036029 
-0.036049 
-0.036070 
-0.036092 
-0.036115 
-0.036139 
-0.036164 
-0.036191 
-0.036218 
-0.036247 
-0.036276 
-0.036307 
-0.036339 
-0.036372 
-0.036406 
-0.036441 
-0.036477 
-0.036515 
-0.036553 
-0.036593 
-0.036634 
-0.036676 
-0.036719 
-0.036763 
-0.036809 
-0.036855 
-0.036903 
-0.036952 
-0.037002 
-0.037053 
-0.037105 
-0.037158 
-0.037213 
-0.037268 
-0.037325 
-0.037383 
-0.037442 
-0.037502 
-0.037563 
-0.037626 
-0.037689 
-0.037753 
-0.037819 
-0.037886 
-0.037954 
-0.038022 
-0.038092 
-0.038163 
-0.038235 
-0.038308 
-0.038382 
-0.038457 
-0.038533 
-0.038611 
-0.038689 
-0.038768 
-0.038848 
-0.038929 
-0.039011 
-0.039094 
-0.039178 
-0.039262 
-0.039348 
-0.039434 
-0.039522 
-0.039610 
-0.039699 
-0.039789 
-0.039880 
-0.039971 
-0.040064 
-0.040157 
-0.040250 
-0.040345 
-0.040440 
-0.040536 
-0.040633 
-0.040730 
-0.040828 
-0.040926 
-0.041025 
-0.041125 
-0.041225 
-0.041325 
-0.041426 
-0.041528 
-0.041630 
-0.041732 
-0.041835 
-0.041938 
-0.042042 
-0.042146 
-0.042250 
-0.042354 
-0.042459 
-0.042564 
-0.042669 
-0.042774 
-0.042879 
-0.042984 
-0.043090 
-0.043195 
-0.043301 
-0.043406 
-0.043511 
-0.043616 
-0.043722 
-0.043826 
-0.043931 
-0.044036 
-0.044140 
-0.044244 
-0.044347 
-0.044451 
-0.044554 
-0.044656 
-0.044758 
-0.044859 
-0.044960 
-0.045061 
-0.045160 
-0.045259 
-0.045358 
-0.045455 
-0.045552 
-0.045649 
-0.045744 
-0.045838 
-0.045932 
-0.046025 
-0.046116 
-0.046207 
-0.046297 
-0.046385 
-0.046473 
-0.046559 
-0.046644 
-0.046728 
-0.046811 
-0.046892 
-0.046973 
-0.047051 
-0.047129 
-0.047205 
-0.047279 
-0.047353 
-0.047424 
-0.047494 
-0.047563 
-0.047630 
-0.047695 
-0.047759 
-0.047821 
-0.047881 
-0.047940 
-0.047997 
-0.048052 
-0.048105 
-0.048157 
-0.048206 
-0.048254 
-0.048300 
-0.048344 
-0.048386 
-0.048426 
-0.048464 
-0.048500 
-0.048534 
-0.048566 
-0.048596 
-0.048624 
-0.048650 
-0.048673 
-0.048695 
-0.048715 
-0.048732 
-0.048747 
-0.048761 
-0.048772 
-0.048781 
-0.048788 
-0.048792 
-0.048795 
-0.048795 
-0.048794 
-0.048790 
-0.048784 
-0.048776 
-0.048765 
-0.048753 
-0.048739 
-0.048722 
-0.048703 
-0.048682 
-0.048660 
-0.048635 
-0.048608 
-0.048579 
-0.048548 
-0.048515 
-0.048480 
-0.048443 
-0.048404 
-0.048363 
-0.048320 
-0.048276 
-0.048230 
-0.048181 
-0.048131 
-0.048080 
-0.048026 
-0.047971 
-0.047914 
-0.047856 
-0.047796 
-0.047735 
-0.047672 
-0.047607 
-0.047541 
-0.047474 
-0.047405 
-0.047335 
-0.047264 
-0.047192 
-0.047118 
-0.047044 
-0.046968 
-0.046891 
-0.046813 
-0.046735 
-0.046655 
-0.046575 
-0.046494 
-0.046412 
-0.046330 
-0.046247 
-0.046164 
-0.046080 
-0.045996 
-0.045911 
-0.045826 
-0.045741 
-0.045656 
-0.045571 
-0.045486 
-0.045401 
-0.045316 
-0.045231 
-0.045146 
-0.045062 
-0.044978 
-0.044895 
-0.044812 
-0.044730 
-0.044649 
-0.044568 
-0.044489 
-0.044410 
-0.044332 
-0.044255 
-0.044180 
-0.044106 
-0.044033 
-0.043961 
-0.043891 
-0.043823 
-0.043756 
-0.043691 
-0.043628 
-0.043567 
-0.043508 
-0.043450 
-0.043395 
-0.043343 
-0.043292 
-0.043244 
-0.043199 
-0.043156 
-0.043116 
-0.043079 
-0.043044 
-0.043013 
-0.042984 
-0.042959 
-0.042937 
-0.042919 
-0.042903 
-0.042892 
-0.042884 
-0.042879 
-0.042879 
-0.042882 
-0.042890 
-0.042901 
-0.042917 
-0.042937 
-0.042962 
-0.042990 
-0.043024 
-0.043062 
-0.043105 
-0.043153 
-0.043206 
-0.043264 
-0.043327 
-0.043396 
-0.043470 
-0.043549 
-0.043634 
-0.043725 
-0.043822 
-0.043924 
-0.044032 
-0.044147 
-0.044268 
-0.044395 
-0.044529 
-0.044669 
-0.044816 
-0.044969 
-0.045130 
-0.045297 
-0.045471 
-0.045653 
-0.045842 
-0.046038 
-0.046242 
-0.046453 
-0.046673 
-0.046900 
-0.047134 
-0.047377 
-0.047628 
-0.047887 
-0.048155 
-0.048431 
-0.048716 
-0.049009 
-0.049311 
-0.049622 
-0.049942 
-0.050271 
-0.050609 
-0.050956 
-0.051313 
-0.051679 
-0.052055 
-0.052441 
-0.052836 
-0.053241 
-0.053656 
-0.054082 
-0.054517 
-0.054963 
-0.055419 
-0.055886 
-0.056363 
-0.056851 
-0.057349 
-0.057859 
-0.058379 
-0.058910 
-0.059453 
-0.060006 
-0.060571 
-0.061148 
-0.061735 
-0.062334 
-0.062945 
-0.063567 
-0.064201 
-0.064847 
-0.065505 
-0.066175 
-0.066856 
-0.067550 
-0.068256 
-0.068974 
-0.069704 
-0.070446 
-0.071201 
-0.071968 
-0.072748 
-0.073540 
-0.074344 
-0.075161 
-0.075991 
-0.076833 
-0.077688 
-0.078556 
-0.079436 
-0.080329 
-0.081234 
-0.082153 
-0.083084 
-0.084027 
-0.084984 
-0.085953 
-0.086935 
-0.087930 
-0.088937 
-0.089957 
-0.090990 
-0.092035 
-0.093093 
-0.094163 
-0.095246 
-0.096342 
-0.097450 
-0.098570 
-0.099703 
-0.100848 
-0.102005 
-0.103174 
-0.104356 
-0.105549 
-0.106754 
-0.107971 
-0.109200 
-0.110441 
-0.111693 
-0.112956 
-0.114231 
-0.115517 
-0.116814 
-0.118122 
-0.119440 
-0.120770 
-0.122110 
-0.123460 
-0.124821 
-0.126191 
-0.127572 
-0.128962 
-0.130362 
-0.131772 
-0.133190 
-0.134618 
-0.136054 
-0.137499 
-0.138953 
-0.140414 
-0.141884 
-0.143362 
-0.144847 
-0.146339 
-0.147839 
-0.149345 
-0.150858 
-0.152377 
-0.153902 
-0.155434 
-0.156970 
-0.158512 
-0.160059 
-0.161611 
-0.163167 
-0.164728 
-0.166292 
-0.167859 
-0.169430 
-0.171004 
-0.172581 
-0.174159 
-0.175740 
-0.177322 
-0.178906 
-0.180490 
-0.182075 
-0.183660 
-0.185246 
-0.186830 
-0.188414 
-0.189997 
-0.191577 
-0.193156 
-0.194733 
-0.196307 
-0.197878 
-0.199445 
-0.201008 
-0.202567 
-0.204121 
-0.205670 
-0.207213 
-0.208751 
-0.210282 
-0.211806 
-0.213323 
-0.214832 
-0.216333 
-0.217826 
-0.219309 
-0.220783 
-0.222247 
-0.223701 
-0.225144 
-0.226576 
-0.227996 
-0.229404 
-0.230799 
-0.232182 
-0.233551 
-0.234905 
-0.236246 
-0.237571 
-0.238881 
-0.240175 
-0.241452 
-0.242713 
-0.243957 
-0.245183 
-0.246390 
-0.247579 
-0.248749 
-0.249899 
-0.251028 
-0.252138 
-0.253226 
-0.254292 
-0.255337 
-0.256358 
-0.257357 
-0.258333 
-0.259284 
-0.260211 
-0.261113 
-0.261989 
-0.262840 
-0.263665 
-0.264462 
-0.265233 
-0.265975 
-0.266690 
-0.267375 
-0.268032 
-0.268659 
-0.269256 
-0.269823 
-0.270358 
-0.270863 
-0.271335 
-0.271775 
-0.272183 
-0.272557 
-0.272898 
-0.273205 
-0.273478 
-0.273715 
-0.273918 
-0.274084 
-0.274215 
-0.274309 
-0.274367 
-0.274387 
-0.274369 
-0.274314 
-0.274220 
-0.274087 
-0.273915 
-0.273704 
-0.273453 
-0.273161 
-0.272829 
-0.272456 
-0.272042 
-0.271586 
-0.271089 
-0.270549 
-0.269967 
-0.269341 
-0.268673 
-0.267961 
-0.267206 
-0.266407 
-0.265563 
-0.264675 
-0.263742 
-0.262764 
-0.261741 
-0.260672 
-0.259558 
-0.258398 
-0.257191 
-0.255939 
-0.254640 
-0.253294 
-0.251901 
-0.250461 
-0.248974 
-0.247439 
-0.245857 
-0.244228 
-0.242550 
-0.240825 
-0.239052 
-0.237231 
-0.235361 
-0.233443 
-0.231477 
-0.229463 
-0.227400 
-0.225288 
-0.223128 
-0.220920 
-0.218663 
-0.216357 
-0.214003 
-0.211600 
-0.209149 
-0.206649 
-0.204101 
-0.201505 
-0.198860 
-0.196167 
-0.193426 
-0.190636 
-0.187799 
-0.184914 
-0.181982 
-0.179001 
-0.175974 
-0.172899 
-0.169777 
-0.166608 
-0.163393 
-0.160131 
-0.156823 
-0.153468 
-0.150068 
-0.146622 
-0.143131 
-0.139595 
-0.136014 
-0.132389 
-0.128719 
-0.125006 
-0.121249 
-0.117448 
-0.113605 
-0.109719 
-0.105791 
-0.101822 
-0.097811 
-0.093758 
-0.089665 
-0.085532 
-0.081359 
-0.077147 
-0.072896 
-0.068606 
-0.064279 
-0.059914 
-0.055511 
-0.051073 
-0.046598 
-0.042087 
-0.037542 
-0.032962 
-0.028349 
-0.023702 
-0.019022 
-0.014310 
-0.009566 
-0.004791 
0.000014 
0.004850 
0.009714 
0.014607 
0.019528 
0.024476 
0.029451 
0.034452 
0.039479 
0.044530 
0.049605 
0.054703 
0.059824 
0.064967 
0.070131 
0.075315 
0.080519 
0.085743 
0.090984 
0.096243 
0.101518 
0.106810 
0.112117 
0.117438 
0.122773 
0.128120 
0.133480 
0.138851 
0.144233 
0.149624 
0.155024 
0.160432 
0.165847 
0.171268 
0.176695 
0.182127 
0.187563 
0.193001 
0.198442 
0.203884 
0.209326 
0.214769 
0.220209 
0.225648 
0.231084 
0.236516 
0.241943 
0.247364 
0.252779 
0.258187 
0.263587 
0.268977 
0.274358 
0.279727 
0.285085 
0.290430 
0.295762 
0.301080 
0.306382 
0.311668 
0.316937 
0.322188 
0.327421 
0.332634 
0.337826 
0.342997 
0.348146 
0.353272 
0.358374 
0.363451 
0.368502 
0.373527 
0.378525 
0.383494 
0.388434 
0.393345 
0.398224 
0.403072 
0.407888 
0.412670 
0.417419 
0.422133 
0.426810 
0.431452 
0.436056 
0.440622 
0.445150 
0.449638 
0.454085 
0.458491 
0.462856 
0.467177 
0.471455 
0.475690 
0.479879 
0.484023 
0.488120 
0.492170 
0.496173 
0.500127 
0.504032 
0.507887 
0.511692 
0.515446 
0.519148 
0.522797 
0.526394 
0.529937 
0.533425 
0.536859 
0.540238 
0.543560 
0.546826 
0.550034 
0.553185 
0.556277 
0.559311 
0.562285 
0.565200 
0.568054 
0.570847 
0.573579 
0.576250 
0.578858 
0.581403 
0.583885 
0.586304 
0.588659 
0.590949 
0.593175 
0.595336 
0.597431 
0.599461 
0.601424 
0.603321 
0.605151 
0.606914 
0.608610 
0.610238 
0.611798 
0.613290 
0.614713 
0.616068 
0.617354 
0.618571 
0.619719 
0.620798 
0.621807 
0.622746 
0.623615 
0.624415 
0.625144 
0.625803 
0.626392 
0.626911 
0.627359 
0.627737 
0.628044 
0.628281 
0.628448 
0.628543 
0.628569 
0.628524 
0.628409 
0.628223 
0.627967 
0.627641 
0.627245 
0.626779 
0.626243 
0.625638 
0.624963 
0.624218 
0.623405 
0.622522 
0.621570 
0.620550 
0.619462 
0.618305 
0.617081 
0.615789 
0.614429 
0.613002 
0.611509 
0.609949 
0.608323 
0.606631 
0.604874 
0.603052 
0.601164 
0.599213 
0.597197 
0.595118 
0.592976 
0.590771 
0.588504 
0.586175 
0.583784 
0.581332 
0.578820 
0.576249 
0.573617 
0.570927 
0.568178 
0.565371 
0.562507 
0.559586 
0.556609 
0.553576 
0.550488 
0.547346 
0.544149 
0.540899 
0.537597 
0.534242 
0.530836 
0.527379 
0.523872 
0.520315 
0.516710 
0.513056 
0.509355 
0.505606 
0.501812 
0.497972 
0.494088 
0.490159 
0.486187 
0.482173 
0.478117 
0.474019 
0.469881 
0.465704 
0.461487 
0.457233 
0.452941 
0.448613 
0.444249 
0.439849 
0.435416 
0.430949 
0.426449 
0.421918 
0.417355 
0.412762 
0.408140 
0.403489 
0.398811 
0.394105 
0.389373 
0.384615 
0.379834 
0.375028 
0.370199 
0.365349 
0.360477 
0.355584 
0.350673 
0.345742 
0.340793 
0.335828 
0.330846 
0.325848 
0.320836 
0.315811 
0.310772 
0.305721 
0.300659 
0.295587 
0.290505 
0.285414 
0.280316 
0.275210 
0.270098 
0.264980 
0.259858 
0.254732 
0.249602 
0.244471 
0.239338 
0.234205 
0.229072 
0.223940 
0.218809 
0.213681 
0.208557 
0.203436 
0.198321 
0.193211 
0.188108 
0.183012 
0.177923 
0.172844 
0.167774 
0.162714 
0.157665 
0.152628 
0.147603 
0.142591 
0.137594 
0.132610 
0.127642 
0.122690 
0.117754 
0.112835 
0.107935 
0.103053 
0.098190 
0.093347 
0.088525 
0.083724 
0.078945 
0.074188 
0.069454 
0.064743 
0.060057 
0.055396 
0.050760 
0.046150 
0.041566 
0.037009 
0.032480 
0.027979 
0.023507 
0.019064 
0.014650 
0.010266 
0.005913 
0.001591 
-0.002699 
-0.006957 
-0.011183 
-0.015376 
-0.019536 
-0.023662 
-0.027754 
-0.031812 
-0.035834 
-0.039821 
-0.043773 
-0.047689 
-0.051568 
-0.055411 
-0.059216 
-0.062985 
-0.066715 
-0.070408 
-0.074063 
-0.077679 
-0.081256 
-0.084794 
-0.088294 
-0.091753 
-0.095173 
-0.098553 
-0.101893 
-0.105192 
-0.108451 
-0.111670 
-0.114847 
-0.117984 
-0.121079 
-0.124133 
-0.127146 
-0.130117 
-0.133046 
-0.135934 
-0.138780 
-0.141584 
-0.144346 
-0.147066 
-0.149745 
-0.152381 
-0.154974 
-0.157526 
-0.160036 
-0.162503 
-0.164928 
-0.167311 
-0.169652 
-0.171951 
-0.174208 
-0.176423 
-0.178596 
-0.180728 
-0.182817 
-0.184865 
-0.186871 
-0.188836 
-0.190759 
-0.192641 
-0.194482 
-0.196282 
-0.198041 
-0.199759 
-0.201437 
-0.203075 
-0.204672 
-0.206229 
-0.207747 
-0.209224 
-0.210663 
-0.212062 
-0.213422 
-0.214743 
-0.216026 
-0.217270 
-0.218476 
-0.219644 
-0.220775 
-0.221869 
-0.222925 
-0.223944 
-0.224927 
-0.225874 
-0.226784 
-0.227659 
-0.228499 
-0.229303 
-0.230073 
-0.230808 
-0.231509 
-0.232176 
-0.232809 
-0.233410 
-0.233977 
-0.234512 
-0.235015 
-0.235485 
-0.235925 
-0.236333 
-0.236710 
-0.237057 
-0.237373 
-0.237660 
-0.237918 
-0.238146 
-0.238346 
-0.238518 
-0.238661 
-0.238777 
-0.238866 
-0.238929 
-0.238964 
-0.238974 
-0.238958 
-0.238917 
-0.238851 
-0.238761 
-0.238646 
-0.238508 
-0.238347 
-0.238163 
-0.237956 
-0.237727 
-0.237476 
-0.237204 
-0.236911 
-0.236598 
-0.236264 
-0.235911 
-0.235538 
-0.235147 
-0.234737 
-0.234308 
-0.233862 
-0.233399 
-0.232919 
-0.232422 
-0.231908 
-0.231379 
-0.230835 
-0.230276 
-0.229701 
-0.229113 
-0.228511 
-0.227895 
-0.227266 
-0.226624 
-0.225970 
-0.225304 
-0.224627 
-0.223938 
-0.223238 
-0.222527 
-0.221807 
-0.221076 
-0.220337 
-0.219588 
-0.218830 
-0.218064 
-0.217289 
-0.216507 
-0.215718 
-0.214922 
-0.214119 
-0.213309 
-0.212493 
-0.211672 
-0.210845 
-0.210014 
-0.209177 
-0.208336 
-0.207490 
-0.206641 
-0.205788 
-0.204932 
-0.204073 
-0.203212 
-0.202347 
-0.201481 
-0.200613 
-0.199743 
-0.198872 
-0.198000 
-0.197127 
-0.196253 
-0.195379 
-0.194505 
-0.193632 
-0.192758 
-0.191886 
-0.191014 
-0.190143 
-0.189274 
-0.188406 
-0.187540 
-0.186676 
-0.185814 
-0.184955 
-0.184098 
-0.183244 
-0.182393 
-0.181545 
-0.180700 
-0.179859 
-0.179021 
-0.178188 
-0.177358 
-0.176532 
-0.175711 
-0.174894 
-0.174082 
-0.173275 
-0.172472 
-0.171674 
-0.170882 
-0.170094 
-0.169312 
-0.168536 
-0.167765 
-0.167000 
-0.166241 
-0.165487 
-0.164740 
-0.163998 
-0.163263 
-0.162534 
-0.161811 
-0.161095 
-0.160385 
-0.159682 
-0.158985 
-0.158295 
-0.157611 
-0.156935 
-0.156265 
-0.155602 
-0.154946 
-0.154297 
-0.153655 
-0.153020 
-0.152391 
-0.151770 
-0.151156 
-0.150549 
-0.149950 
-0.149357 
-0.148771 
-0.148193 
-0.147621 
-0.147057 
-0.146500 
-0.145950 
-0.145407 
-0.144872 
-0.144343 
-0.143821 
-0.143307 
-0.142799 
-0.142299 
-0.141805 
-0.141319 
-0.140839 
-0.140367 
-0.139901 
-0.139442 
-0.138990 
-0.138544 
-0.138105 
-0.137673 
-0.137248 
-0.136829 
-0.136416 
-0.136011 
-0.135611 
-0.135218 
-0.134831 
-0.134451 
-0.134076 
-0.133708 
-0.133346 
-0.132990 
-0.132640 
-0.132296 
-0.131958 
-0.131625 
-0.131299 
-0.130977 
-0.130662 
-0.130352 
-0.130047 
-0.129748 
-0.129454 
-0.129166 
-0.128883 
-0.128604 
-0.128331 
-0.128063 
-0.127799 
-0.127541 
-0.127287 
-0.127038 
-0.126794 
-0.126554 
-0.126318 
-0.126087 
-0.125861 
-0.125638 
-0.125420 
-0.125206 
-0.124996 
-0.124790 
-0.124588 
-0.124389 
-0.124195 
-0.124004 
-0.123817 
-0.123633 
-0.123453 
-0.123276 
-0.123103 
-0.122932 
-0.122765 
-0.122602 
-0.122441 
-0.122283 
-0.122128 
-0.121976 
-0.121827 
-0.121681 
-0.121537 
-0.121396 
-0.121258 
-0.121122 
-0.120988 
-0.120857 
-0.120728 
-0.120601 
-0.120476 
-0.120354 
-0.120233 
-0.120115 
-0.119998 
-0.119884 
-0.119771 
-0.119660 
-0.119551 
-0.119443 
-0.119337 
-0.119232 
-0.119129 
-0.119027 
-0.118927 
-0.118828 
-0.118730 
-0.118634 
-0.118538 
-0.118444 
-0.118351 
-0.118258 
-0.118167 
-0.118077 
-0.117987 
-0.117898 
-0.117810 
-0.117723 
-0.117636 
-0.117550 
-0.117465 
-0.117379 
-0.117295 
-0.117211 
-0.117127 
-0.117043 
-0.116960 
-0.116877 
-0.116795 
-0.116712 
-0.116629 
-0.116547 
-0.116465 
-0.116382 
-0.116300 
-0.116217 
-0.116134 
-0.116051 
-0.115968 
-0.115885 
-0.115801 
-0.115717 
-0.115632 
-0.115547 
-0.115462 
-0.115376 
-0.115290 
-0.115203 
-0.115115 
-0.115027 
-0.114938 
-0.114848 
-0.114758 
-0.114666 
-0.114574 
-0.114481 
-0.114388 
-0.114293 
-0.114197 
-0.114101 
-0.114003 
-0.113904 
-0.113804 
-0.113703 
-0.113601 
-0.113497 
-0.113393 
-0.113287 
-0.113180 
-0.113071 
-0.112962 
-0.112850 
-0.112738 
-0.112624 
-0.112508 
-0.112392 
-0.112273 
-0.112153 
-0.112031 
-0.111908 
-0.111783 
-0.111657 
-0.111529 
-0.111399 
-0.111268 
-0.111134 
-0.110999 
-0.110862 
-0.110724 
-0.110583 
-0.110441 
-0.110297 
-0.110151 
-0.110002 
-0.109852 
-0.109700 
-0.109547 
-0.109391 
-0.109233 
-0.109073 
-0.108911 
-0.108746 
-0.108580 
-0.108412 
-0.108242 
-0.108069 
-0.107894 
-0.107717 
-0.107538 
-0.107357 
-0.107174 
-0.106988 
-0.106800 
-0.106610 
-0.106418 
-0.106224 
-0.106027 
-0.105828 
-0.105627 
-0.105423 
-0.105217 
-0.105009 
-0.104799 
-0.104586 
-0.104371 
-0.104154 
-0.103934 
-0.103713 
-0.103488 
-0.103262 
-0.103033 
-0.102802 
-0.102569 
-0.102333 
-0.102096 
-0.101855 
-0.101613 
-0.101368 
-0.101121 
-0.100872 
-0.100621 
-0.100367 
-0.100111 
-0.099853 
-0.099592 
-0.099330 
-0.099065 
-0.098798 
-0.098529 
-0.098258 
-0.097984 
-0.097709 
-0.097431 
-0.097151 
-0.096869 
-0.096585 
-0.096299 
-0.096011 
-0.095721 
-0.095429 
-0.095135 
-0.094839 
-0.094541 
-0.094241 
-0.093939 
-0.093635 
-0.093330 
-0.093022 
-0.092713 
-0.092402 
-0.092089 
-0.091774 
-0.091458 
-0.091140 
-0.090820 
-0.090498 
-0.090175 
-0.089850 
-0.089524 
-0.089196 
-0.088866 
-0.088535 
-0.088202 
-0.087868 
-0.087532 
-0.087195 
-0.086857 
-0.086517 
-0.086176 
-0.085833 
-0.085489 
-0.085144 
-0.084797 
-0.084450 
-0.084101 
-0.083750 
-0.083399 
-0.083047 
-0.082693 
-0.082338 
-0.081982 
-0.081626 
-0.081268 
-0.080909 
-0.080549 
-0.080188 
-0.079826 
-0.079464 
-0.079100 
-0.078736 
-0.078371 
-0.078005 
-0.077638 
-0.077271 
-0.076902 
-0.076533 
-0.076164 
-0.075793 
-0.075423 
-0.075051 
-0.074679 
-0.074306 
-0.073933 
-0.073559 
-0.073185 
-0.072810 
-0.072435 
-0.072059 
-0.071683 
-0.071307 
-0.070930 
-0.070553 
-0.070175 
-0.069797 
-0.069419 
-0.069041 
-0.068663 
-0.068284 
-0.067905 
-0.067526 
-0.067147 
-0.066767 
-0.066388 
-0.066008 
-0.065629 
-0.065249 
-0.064869 
-0.064490 
-0.064110 
-0.063731 
-0.063351 
-0.062972 
-0.062593 
-0.062214 
-0.061835 
-0.061456 
-0.061078 
-0.060699 
-0.060321 
-0.059944 
-0.059566 
-0.059189 
-0.058813 
-0.058436 
-0.058060 
-0.057685 
-0.057310 
-0.056935 
-0.056561 
-0.056188 
-0.055815 
-0.055442 
-0.055070 
-0.054699 
-0.054329 
-0.053959 
-0.053590 
-0.053221 
-0.052854 
-0.052487 
-0.052121 
-0.051755 
-0.051391 
-0.051028 
-0.050665 
-0.050303 
-0.049943 
-0.049583 
-0.049224 
-0.048867 
-0.048510 
-0.048155 
-0.047801 
-0.047448 
-0.047096 
-0.046745 
-0.046396 
-0.046048 
-0.045701 
-0.045356 
-0.045012 
-0.044669 
-0.044328 
-0.043988 
-0.043650 
-0.043314 
-0.042979 
-0.042645 
-0.042313 
-0.041983 
-0.041655 
-0.041328 
-0.041003 
-0.040680 
-0.040358 
-0.040039 
-0.039721 
-0.039405 
-0.039091 
-0.038780 
-0.038470 
-0.038162 
-0.037856 
-0.037552 
-0.037251 
-0.036951 
-0.036654 
-0.036359 
-0.036066 
-0.035776 
-0.035487 
-0.035202 
-0.034918 
-0.034637 
-0.034358 
-0.034082 
-0.033808 
-0.033537 
-0.033268 
-0.033002 
-0.032738 
-0.032477 
-0.032219 
-0.031963 
-0.031710 
-0.031459 
-0.031212 
-0.030967 
-0.030725 
-0.030485 
-0.030249 
-0.030015 
-0.029785 
-0.029557 
-0.029332 
-0.029110 
-0.028891 
-0.028675 
-0.028462 
-0.028251 
-0.028044 
-0.027840 
-0.027640 
-0.027442 
-0.027247 
-0.027055 
-0.026867 
-0.026681 
-0.026499 
-0.026320 
-0.026144 
-0.025972 
-0.025802 
-0.025636 
-0.025473 
-0.025313 
-0.025157 
-0.025003 
-0.024853 
-0.024707 
-0.024563 
-0.024423 
-0.024286 
-0.024152 
-0.024022 
-0.023895 
-0.023771 
-0.023651 
-0.023534 
-0.023420 
-0.023309 
-0.023202 
-0.023098 
-0.022998 
-0.022901 
-0.022807 
-0.022716 
-0.022629 
-0.022545 
-0.022464 
-0.022387 
-0.022312 
-0.022242 
-0.022174 
-0.022110 
-0.022049 
-0.021991 
-0.021936 
-0.021885 
-0.021837 
-0.021792 
-0.021750 
-0.021712 
-0.021677 
-0.021645 
-0.021616 
-0.021590 
-0.021567 
-0.021548 
-0.021532 
-0.021518 
-0.021508 
-0.021501 
-0.021497 
-0.021496 
-0.021499 
-0.021504 
-0.021512 
-0.021523 
-0.021537 
-0.021555 
-0.021575 
-0.021598 
-0.021624 
-0.021653 
-0.021685 
-0.021719 
-0.021757 
-0.021797 
-0.021841 
-0.021887 
-0.021935 
-0.021987 
-0.022041 
-0.022099 
-0.022158 
-0.022221 
-0.022286 
-0.022354 
-0.022425 
-0.022498 
-0.022574 
-0.022652 
-0.022733 
-0.022817 
-0.022903 
-0.022992 
-0.023083 
-0.023177 
-0.023273 
-0.023372 
-0.023473 
-0.023576 
-0.023682 
-0.023790 
-0.023901 
-0.024014 
-0.024129 
-0.024247 
-0.024367 
-0.024489 
-0.024614 
-0.024740 
-0.024869 
-0.025000 
-0.025134 
-0.025269 
-0.025407 
-0.025546 
-0.025688 
-0.025832 
-0.025978 
-0.026126 
-0.026276 
-0.026428 
-0.026582 
-0.026738 
-0.026896 
-0.027056 
-0.027218 
-0.027382 
-0.027547 
-0.027714 
-0.027884 
-0.028055 
-0.028228 
-0.028402 
-0.028578 
-0.028757 
-0.028936 
-0.029118 
-0.029301 
-0.029486 
-0.029672 
-0.029860 
-0.030049 
-0.030241 
-0.030433 
-0.030627 
-0.030823 
-0.031020 
-0.031219 
-0.031419 
-0.031620 
-0.031823 
-0.032027 
-0.032232 
-0.032439 
-0.032647 
-0.032857 
-0.033067 
-0.033279 
-0.033492 
-0.033706 
-0.033921 
-0.034138 
-0.034355 
-0.034574 
-0.034793 
-0.035014 
-0.035235 
-0.035458 
-0.035681 
-0.035906 
-0.036131 
-0.036357 
-0.036584 
-0.036812 
-0.037041 
-0.037270 
-0.037500 
-0.037731 
-0.037963 
-0.038195 
-0.038428 
-0.038661 
-0.038895 
-0.039130 
-0.039365 
-0.039601 
-0.039837 
-0.040074 
-0.040311 
-0.040548 
-0.040786 
-0.041024 
-0.041263 
-0.041502 
-0.041741 
-0.041980 
-0.042220 
-0.042460 
-0.042700 
-0.042940 
-0.043180 
-0.043420 
-0.043661 
-0.043902 
-0.044142 
-0.044383 
-0.044624 
-0.044864 
-0.045105 
-0.045345 
-0.045586 
-0.045826 
-0.046067 
-0.046307 
-0.046547 
-0.046786 
-0.047026 
-0.047265 
-0.047504 
-0.047743 
-0.047982 
-0.048220 
-0.048458 
-0.048695 
-0.048933 
-0.049169 
-0.049406 
-0.049642 
-0.049878 
-0.050113 
-0.050348 
-0.050582 
-0.050816 
-0.051050 
-0.051283 
-0.051516 
-0.051748 
-0.051979 
-0.052210 
-0.052440 
-0.052670 
-0.052900 
-0.053129 
-0.053357 
-0.053584 
-0.053811 
-0.054038 
-0.054264 
-0.054489 
-0.054714 
-0.054938 
-0.055161 
-0.055384 
-0.055607 
-0.055828 
-0.056049 
-0.056270 
-0.056490 
-0.056709 
-0.056927 
-0.057145 
-0.057362 
-0.057579 
-0.057795 
-0.058011 
-0.058225 
-0.058440 
-0.058653 
-0.058866 
-0.059079 
-0.059291 
-0.059502 
-0.059712 
-0.059922 
-0.060132 
-0.060341 
-0.060549 
-0.060757 
-0.060964 
-0.061171 
-0.061377 
-0.061582 
-0.061788 
-0.061992 
-0.062196 
-0.062400 
-0.062603 
-0.062805 
-0.063007 
-0.063209 
-0.063410 
-0.063610 
-0.063811 
-0.064010 
-0.064210 
-0.064408 
-0.064607 
-0.064805 
-0.065003 
-0.065200 
-0.065397 
-0.065593 
-0.065789 
-0.065985 
-0.066180 
-0.066375 
-0.066570 
-0.066764 
-0.066958 
-0.067152 
-0.067346 
-0.067539 
-0.067731 
-0.067924 
-0.068116 
-0.068308 
-0.068500 
-0.068691 
-0.068882 
-0.069073 
-0.069263 
-0.069454 
-0.069644 
-0.069834 
-0.070023 
-0.070212 
-0.070402 
-0.070590 
-0.070779 
-0.070967 
-0.071156 
-0.071344 
-0.071531 
-0.071719 
-0.071906 
-0.072093 
-0.072280 
-0.072467 
-0.072653 
-0.072839 
-0.073025 
-0.073211 
-0.073396 
-0.073582 
-0.073767 
-0.073951 
-0.074136 
-0.074320 
-0.074504 
-0.074688 
-0.074872 
-0.075055 
-0.075238 
-0.075421 
-0.075603 
-0.075786 
-0.075968 
-0.076149 
-0.076331 
-0.076512 
-0.076693 
-0.076873 
-0.077054 
-0.077234 
-0.077413 
-0.077593 
-0.077772 
-0.077950 
-0.078128 
-0.078306 
-0.078484 
-0.078661 
-0.078838 
-0.079015 
-0.079191 
-0.079366 
-0.079542 
-0.079717 
-0.079891 
-0.080065 
-0.080239 
-0.080412 
-0.080585 
-0.080757 
-0.080929 
-0.081101 
-0.081272 
-0.081442 
-0.081612 
-0.081782 
-0.081951 
-0.082120 
-0.082288 
-0.082455 
-0.082623 
-0.082789 
-0.082955 
-0.083121 
-0.083286 
-0.083451 
-0.083615 
-0.083778 
-0.083941 
-0.084103 
-0.084265 
-0.084426 
-0.084587 
-0.084747 
-0.084907 
-0.085066 
-0.085224 
-0.085382 
-0.085539 
-0.085696 
-0.085852 
-0.086008 
-0.086163 
-0.086317 
-0.086471 
-0.086624 
-0.086777 
-0.086929 
-0.087081 
-0.087231 
-0.087382 
-0.087532 
-0.087681 
-0.087829 
-0.087977 
-0.088125 
-0.088271 
-0.088418 
-0.088563 
-0.088708 
-0.088853 
-0.088997 
-0.089140 
-0.089283 
-0.089425 
-0.089567 
-0.089708 
-0.089848 
-0.089988 
-0.090128 
-0.090267 
-0.090405 
-0.090543 
-0.090680 
-0.090816 
-0.090953 
-0.091088 
-0.091223 
-0.091358 
-0.091492 
-0.091625 
-0.091758 
-0.091891 
-0.092022 
-0.092154 
-0.092285 
-0.092415 
-0.092545 
-0.092674 
-0.092803 
-0.092932 
-0.093059 
-0.093187 
-0.093314 
-0.093440 
-0.093566 
-0.093692 
-0.093817 
