-0.003306 
-0.003263 
-0.003220 
-0.003178 
-0.003136 
-0.003094 
-0.003052 
-0.003011 
-0.002969 
-0.002929 
-0.002888 
-0.002848 
-0.002808 
-0.002768 
-0.002729 
-0.002690 
-0.002652 
-0.002613 
-0.002576 
-0.002538 
-0.002501 
-0.002464 
-0.002427 
-0.002391 
-0.002355 
-0.002319 
-0.002284 
-0.002248 
-0.002213 
-0.002178 
-0.002144 
-0.002109 
-0.002075 
-0.002040 
-0.002006 
-0.001972 
-0.001938 
-0.001904 
-0.001870 
-0.001836 
-0.001802 
-0.001768 
-0.001734 
-0.001699 
-0.001665 
-0.001630 
-0.001595 
-0.001560 
-0.001525 
-0.001490 
-0.001454 
-0.001418 
-0.001382 
-0.001345 
-0.001308 
-0.001271 
-0.001233 
-0.001195 
-0.001157 
-0.001118 
-0.001079 
-0.001039 
-0.001000 
-0.000959 
-0.000918 
-0.000877 
-0.000836 
-0.000794 
-0.000752 
-0.000709 
-0.000666 
-0.000622 
-0.000579 
-0.000534 
-0.000490 
-0.000445 
-0.000400 
-0.000355 
-0.000310 
-0.000264 
-0.000218 
-0.000172 
-0.000126 
-0.000079 
-0.000033 
0.000013 
0.000059 
0.000106 
0.000152 
0.000198 
0.000244 
0.000289 
0.000335 
0.000380 
0.000424 
0.000469 
0.000513 
0.000556 
0.000599 
0.000641 
0.000683 
0.000723 
0.000763 
0.000803 
0.000841 
0.000879 
0.000915 
0.000951 
0.000985 
0.001019 
0.001051 
0.001082 
0.001112 
0.001140 
0.001168 
0.001193 
0.001218 
0.001240 
0.001262 
0.001281 
0.001300 
0.001316 
0.001331 
0.001344 
0.001355 
0.001365 
0.001372 
0.001378 
0.001382 
0.001385 
0.001385 
0.001383 
0.001380 
0.001374 
0.001367 
0.001357 
0.001346 
0.001332 
0.001317 
0.001300 
0.001281 
0.001259 
0.001236 
0.001211 
0.001184 
0.001156 
0.001125 
0.001092 
0.001058 
0.001022 
0.000985 
0.000945 
0.000904 
0.000862 
0.000817 
0.000772 
0.000725 
0.000676 
0.000626 
0.000575 
0.000523 
0.000470 
0.000416 
0.000360 
0.000304 
0.000247 
0.000189 
0.000131 
0.000071 
0.000012 
-0.000048 
-0.000108 
-0.000169 
-0.000230 
-0.000290 
-0.000351 
-0.000412 
-0.000472 
-0.000532 
-0.000591 
-0.000650 
-0.000708 
-0.000766 
-0.000823 
-0.000878 
-0.000933 
-0.000987 
-0.001039 
-0.001090 
-0.001139 
-0.001187 
-0.001233 
-0.001278 
-0.001320 
-0.001361 
-0.001400 
-0.001436 
-0.001471 
-0.001503 
-0.001532 
-0.001559 
-0.001584 
-0.001606 
-0.001625 
-0.001642 
-0.001655 
-0.001666 
-0.001673 
-0.001678 
-0.001679 
-0.001677 
-0.001672 
-0.001664 
-0.001652 
-0.001637 
-0.001618 
-0.001596 
-0.001571 
-0.001542 
-0.001509 
-0.001473 
-0.001433 
-0.001390 
-0.001343 
-0.001293 
-0.001239 
-0.001181 
-0.001120 
-0.001055 
-0.000987 
-0.000915 
-0.000840 
-0.000762 
-0.000680 
-0.000594 
-0.000506 
-0.000414 
-0.000319 
-0.000221 
-0.000120 
-0.000016 
0.000091 
0.000201 
0.000313 
0.000428 
0.000546 
0.000665 
0.000788 
0.000912 
0.001039 
0.001167 
0.001297 
0.001429 
0.001563 
0.001698 
0.001835 
0.001972 
0.002111 
0.002250 
0.002391 
0.002532 
0.002673 
0.002815 
0.002957 
0.003099 
0.003241 
0.003382 
0.003523 
0.003664 
0.003803 
0.003942 
0.004080 
0.004216 
0.004351 
0.004484 
0.004616 
0.004745 
0.004873 
0.004998 
0.005121 
0.005241 
0.005359 
0.005474 
0.005585 
0.005694 
0.005799 
0.005901 
0.005999 
0.006093 
0.006183 
0.006270 
0.006352 
0.006430 
0.006503 
0.006572 
0.006636 
0.006696 
0.006750 
0.006800 
0.006844 
0.006883 
0.006917 
0.006946 
0.006969 
0.006986 
0.006998 
0.007004 
0.007005 
0.006999 
0.006988 
0.006971 
0.006947 
0.006918 
0.006883 
0.006842 
0.006794 
0.006741 
0.006681 
0.006616 
0.006544 
0.006466 
0.006383 
0.006293 
0.006197 
0.006095 
0.005987 
0.005874 
0.005754 
0.005629 
0.005498 
0.005361 
0.005219 
0.005072 
0.004919 
0.004760 
0.004597 
0.004428 
0.004254 
0.004076 
0.003893 
0.003705 
0.003512 
0.003315 
0.003114 
0.002909 
0.002700 
0.002487 
0.002270 
0.002049 
0.001826 
0.001599 
0.001369 
0.001136 
0.000901 
0.000663 
0.000423 
0.000180 
-0.000064 
-0.000311 
-0.000559 
-0.000808 
-0.001059 
-0.001310 
-0.001563 
-0.001816 
-0.002070 
-0.002324 
-0.002578 
-0.002832 
-0.003086 
-0.003339 
-0.003592 
-0.003844 
-0.004095 
-0.004344 
-0.004592 
-0.004839 
-0.005084 
-0.005326 
-0.005567 
-0.005805 
-0.006041 
-0.006274 
-0.006504 
-0.006731 
-0.006955 
-0.007175 
-0.007392 
-0.007606 
-0.007815 
-0.008021 
-0.008222 
-0.008419 
-0.008611 
-0.008799 
-0.008982 
-0.009161 
-0.009334 
-0.009502 
-0.009665 
-0.009823 
-0.009975 
-0.010122 
-0.010263 
-0.010398 
-0.010527 
-0.010651 
-0.010768 
-0.010880 
-0.010985 
-0.011084 
-0.011176 
-0.011263 
-0.011342 
-0.011416 
-0.011483 
-0.011543 
-0.011597 
-0.011644 
-0.011684 
-0.011718 
-0.011745 
-0.011766 
-0.011779 
-0.011786 
-0.011787 
-0.011780 
-0.011767 
-0.011748 
-0.011721 
-0.011688 
-0.011649 
-0.011602 
-0.011550 
-0.011490 
-0.011425 
-0.011353 
-0.011274 
-0.011189 
-0.011098 
-0.011001 
-0.010898 
-0.010788 
-0.010673 
-0.010552 
-0.010425 
-0.010292 
-0.010153 
-0.010009 
-0.009859 
-0.009704 
-0.009544 
-0.009378 
-0.009207 
-0.009031 
-0.008850 
-0.008665 
-0.008474 
-0.008279 
-0.008080 
-0.007876 
-0.007667 
-0.007455 
-0.007238 
-0.007017 
-0.006793 
-0.006564 
-0.006332 
-0.006097 
-0.005858 
-0.005616 
-0.005370 
-0.005122 
-0.004870 
-0.004616 
-0.004359 
-0.004099 
-0.003837 
-0.003572 
-0.003305 
-0.003036 
-0.002765 
-0.002492 
-0.002217 
-0.001941 
-0.001663 
-0.001383 
-0.001102 
-0.000820 
-0.000537 
-0.000252 
0.000033 
0.000319 
0.000606 
0.000893 
0.001181 
0.001469 
0.001757 
0.002045 
0.002334 
0.002622 
0.002911 
0.003199 
0.003486 
0.003773 
0.004060 
0.004346 
0.004631 
0.004915 
0.005199 
0.005481 
0.005762 
0.006041 
0.006320 
0.006597 
0.006872 
0.007145 
0.007417 
0.007687 
0.007955 
0.008221 
0.008485 
0.008747 
0.009006 
0.009263 
0.009518 
0.009770 
0.010019 
0.010265 
0.010508 
0.010749 
0.010986 
0.011221 
0.011452 
0.011680 
0.011904 
0.012125 
0.012342 
0.012556 
0.012766 
0.012972 
0.013174 
0.013372 
0.013566 
0.013755 
0.013941 
0.014122 
0.014298 
0.014470 
0.014637 
0.014800 
0.014958 
0.015111 
0.015258 
0.015401 
0.015539 
0.015671 
0.015798 
0.015920 
0.016036 
0.016147 
0.016252 
0.016351 
0.016445 
0.016533 
0.016614 
0.016690 
0.016760 
0.016823 
0.016880 
0.016931 
0.016976 
0.017014 
0.017045 
0.017070 
0.017089 
0.017101 
0.017106 
0.017104 
0.017095 
0.017080 
0.017058 
0.017028 
0.016992 
0.016948 
0.016898 
0.016840 
0.016775 
0.016703 
0.016624 
0.016537 
0.016443 
0.016342 
0.016234 
0.016118 
0.015995 
0.015865 
0.015727 
0.015583 
0.015430 
0.015271 
0.015104 
0.014930 
0.014749 
0.014561 
0.014365 
0.014162 
0.013952 
0.013736 
0.013512 
0.013281 
0.013043 
0.012799 
0.012548 
0.012290 
0.012025 
0.011754 
0.011476 
0.011192 
0.010902 
0.010606 
0.010303 
0.009995 
0.009680 
0.009360 
0.009034 
0.008703 
0.008366 
0.008025 
0.007677 
0.007325 
0.006968 
0.006607 
0.006240 
0.005870 
0.005495 
0.005116 
0.004733 
0.004346 
0.003955 
0.003562 
0.003164 
0.002764 
0.002361 
0.001955 
0.001547 
0.001136 
0.000723 
0.000308 
-0.000108 
-0.000527 
-0.000946 
-0.001367 
-0.001789 
-0.002212 
-0.002635 
-0.003058 
-0.003482 
-0.003906 
-0.004330 
-0.004753 
-0.005175 
-0.005597 
-0.006017 
-0.006436 
-0.006854 
-0.007270 
-0.007684 
-0.008096 
-0.008506 
-0.008913 
-0.009318 
-0.009719 
-0.010118 
-0.010513 
-0.010905 
-0.011293 
-0.011677 
-0.012057 
-0.012433 
-0.012804 
-0.013171 
-0.013533 
-0.013890 
-0.014242 
-0.014588 
-0.014929 
-0.015265 
-0.015594 
-0.015918 
-0.016235 
-0.016546 
-0.016851 
-0.017149 
-0.017440 
-0.017725 
-0.018003 
-0.018273 
-0.018536 
-0.018792 
-0.019041 
-0.019282 
-0.019515 
-0.019741 
-0.019959 
-0.020169 
-0.020371 
-0.020564 
-0.020750 
-0.020927 
-0.021096 
-0.021257 
-0.021409 
-0.021553 
-0.021689 
-0.021816 
-0.021934 
-0.022043 
-0.022144 
-0.022237 
-0.022320 
-0.022395 
-0.022461 
-0.022519 
-0.022568 
-0.022608 
-0.022640 
-0.022662 
-0.022677 
-0.022682 
-0.022679 
-0.022667 
-0.022647 
-0.022619 
-0.022581 
-0.022536 
-0.022482 
-0.022420 
-0.022350 
-0.022271 
-0.022184 
-0.022090 
-0.021987 
-0.021876 
-0.021758 
-0.021632 
-0.021498 
-0.021356 
-0.021207 
-0.021051 
-0.020887 
-0.020716 
-0.020538 
-0.020353 
-0.020161 
-0.019963 
-0.019757 
-0.019545 
-0.019326 
-0.019101 
-0.018870 
-0.018632 
-0.018388 
-0.018139 
-0.017883 
-0.017622 
-0.017355 
-0.017083 
-0.016805 
-0.016522 
-0.016233 
-0.015940 
-0.015641 
-0.015338 
-0.015030 
-0.014718 
-0.014400 
-0.014079 
-0.013753 
-0.013423 
-0.013089 
-0.012751 
-0.012409 
-0.012064 
-0.011714 
-0.011362 
-0.011006 
-0.010646 
-0.010284 
-0.009918 
-0.009549 
-0.009178 
-0.008803 
-0.008426 
-0.008047 
-0.007665 
-0.007280 
-0.006893 
-0.006504 
-0.006113 
-0.005720 
-0.005325 
-0.004929 
-0.004530 
-0.004130 
-0.003728 
-0.003325 
-0.002921 
-0.002515 
-0.002108 
-0.001700 
-0.001291 
-0.000881 
-0.000470 
-0.000059 
0.000354 
0.000767 
0.001180 
0.001594 
0.002008 
0.002422 
0.002837 
0.003252 
0.003667 
0.004081 
0.004496 
0.004910 
0.005325 
0.005738 
0.006152 
0.006564 
0.006977 
0.007388 
0.007799 
0.008209 
0.008618 
0.009026 
0.009433 
0.009839 
0.010244 
0.010647 
0.011049 
0.011450 
0.011849 
0.012246 
0.012642 
0.013036 
0.013428 
0.013818 
0.014206 
0.014592 
0.014976 
0.015358 
0.015737 
0.016114 
0.016489 
0.016861 
0.017231 
0.017597 
0.017961 
0.018323 
0.018681 
0.019036 
0.019389 
0.019738 
0.020084 
0.020427 
0.020767 
0.021103 
0.021435 
0.021765 
0.022091 
0.022413 
0.022731 
0.023046 
0.023357 
0.023664 
0.023968 
0.024267 
0.024563 
0.024854 
0.025142 
0.025426 
0.025705 
0.025981 
0.026252 
0.026519 
0.026782 
0.027041 
0.027296 
0.027546 
0.027793 
0.028035 
0.028273 
0.028507 
0.028737 
0.028962 
0.029184 
0.029401 
0.029615 
0.029824 
0.030030 
0.030231 
0.030429 
0.030623 
0.030813 
0.030999 
0.031182 
0.031362 
0.031537 
0.031710 
0.031879 
0.032045 
0.032208 
0.032368 
0.032525 
0.032679 
0.032830 
0.032979 
0.033126 
0.033270 
0.033412 
0.033552 
0.033689 
0.033826 
0.033960 
0.034093 
0.034225 
0.034356 
0.034485 
0.034614 
0.034742 
0.034869 
0.034996 
0.035123 
0.035250 
0.035377 
0.035504 
0.035632 
0.035760 
0.035889 
0.036019 
0.036151 
0.036283 
0.036417 
0.036553 
0.036691 
0.036831 
0.036973 
0.037117 
0.037264 
0.037413 
0.037565 
0.037720 
0.037879 
0.038040 
0.038205 
0.038373 
0.038546 
0.038721 
0.038901 
0.039085 
0.039273 
0.039465 
0.039661 
0.039861 
0.040066 
0.040276 
0.040490 
0.040708 
0.040931 
0.041159 
0.041392 
0.041629 
0.041870 
0.042116 
0.042367 
0.042622 
0.042882 
0.043146 
0.043415 
0.043688 
0.043964 
0.044245 
0.044530 
0.044818 
0.045110 
0.045405 
0.045704 
0.046005 
0.046309 
0.046615 
0.046924 
0.047235 
0.047547 
0.047861 
0.048176 
0.048492 
0.048808 
0.049124 
0.049440 
0.049755 
0.050069 
0.050381 
0.050691 
0.050999 
0.051304 
0.051605 
0.051903 
0.052196 
0.052484 
0.052767 
0.053044 
0.053314 
0.053577 
0.053832 
0.054078 
0.054316 
0.054544 
0.054761 
0.054968 
0.055163 
0.055345 
0.055515 
0.055671 
0.055812 
0.055938 
0.056049 
0.056142 
0.056219 
0.056277 
0.056317 
0.056336 
0.056336 
0.056314 
0.056271 
0.056204 
0.056115 
0.056001 
0.055862 
0.055697 
0.055506 
0.055287 
0.055041 
0.054765 
0.054460 
0.054124 
0.053758 
0.053359 
0.052928 
0.052464 
0.051965 
0.051432 
0.050863 
0.050258 
0.049616 
0.048937 
0.048219 
0.047463 
0.046667 
0.045832 
0.044955 
0.044038 
0.043079 
0.042078 
0.041034 
0.039947 
0.038817 
0.037642 
0.036423 
0.035159 
0.033849 
0.032495 
0.031094 
0.029648 
0.028155 
0.026615 
0.025029 
0.023396 
0.021715 
0.019988 
0.018214 
0.016392 
0.014524 
0.012608 
0.010645 
0.008636 
0.006579 
0.004476 
0.002327 
0.000132 
-0.002109 
-0.004395 
-0.006726 
-0.009102 
-0.011521 
-0.013985 
-0.016491 
-0.019040 
-0.021630 
-0.024262 
-0.026934 
-0.029645 
-0.032396 
-0.035184 
-0.038010 
-0.040871 
-0.043768 
-0.046700 
-0.049664 
-0.052661 
-0.055689 
-0.058746 
-0.061832 
-0.064946 
-0.068086 
-0.071251 
-0.074439 
-0.077649 
-0.080880 
-0.084131 
-0.087399 
-0.090683 
-0.093982 
-0.097294 
-0.100617 
-0.103951 
-0.107292 
-0.110640 
-0.113992 
-0.117348 
-0.120704 
-0.124060 
-0.127413 
-0.130761 
-0.134104 
-0.137438 
-0.140761 
-0.144073 
-0.147370 
-0.150651 
-0.153914 
-0.157157 
-0.160378 
-0.163574 
-0.166744 
-0.169886 
-0.172997 
-0.176076 
-0.179120 
-0.182127 
-0.185096 
-0.188023 
-0.190908 
-0.193747 
-0.196540 
-0.199283 
-0.201975 
-0.204613 
-0.207196 
-0.209722 
-0.212188 
-0.214592 
-0.216933 
-0.219209 
-0.221417 
-0.223556 
-0.225623 
-0.227618 
-0.229537 
-0.231379 
-0.233143 
-0.234826 
-0.236427 
-0.237944 
-0.239375 
-0.240719 
-0.241974 
-0.243139 
-0.244211 
-0.245191 
-0.246075 
-0.246862 
-0.247553 
-0.248144 
-0.248634 
-0.249023 
-0.249310 
-0.249493 
-0.249570 
-0.249542 
-0.249407 
-0.249165 
-0.248813 
-0.248353 
-0.247782 
-0.247100 
-0.246307 
-0.245402 
-0.244384 
-0.243254 
-0.242010 
-0.240653 
-0.239182 
-0.237597 
-0.235898 
-0.234085 
-0.232157 
-0.230116 
-0.227961 
-0.225692 
-0.223309 
-0.220814 
-0.218206 
-0.215486 
-0.212654 
-0.209712 
-0.206659 
-0.203497 
-0.200226 
-0.196847 
-0.193362 
-0.189771 
-0.186075 
-0.182275 
-0.178374 
-0.174371 
-0.170268 
-0.166068 
-0.161770 
-0.157378 
-0.152891 
-0.148313 
-0.143645 
-0.138888 
-0.134044 
-0.129116 
-0.124105 
-0.119014 
-0.113843 
-0.108597 
-0.103275 
-0.097882 
-0.092419 
-0.086888 
-0.081292 
-0.075634 
-0.069915 
-0.064138 
-0.058307 
-0.052422 
-0.046488 
-0.040506 
-0.034480 
-0.028412 
-0.022304 
-0.016161 
-0.009984 
-0.003776 
0.002459 
0.008719 
0.015001 
0.021302 
0.027619 
0.033948 
0.040288 
0.046634 
0.052985 
0.059336 
0.065684 
0.072028 
0.078363 
0.084686 
0.090995 
0.097286 
0.103556 
0.109803 
0.116023 
0.122212 
0.128369 
0.134490 
0.140571 
0.146611 
0.152605 
0.158552 
0.164447 
0.170288 
0.176073 
0.181798 
0.187460 
0.193057 
0.198586 
0.204043 
0.209427 
0.214735 
0.219963 
0.225110 
0.230172 
0.235148 
0.240034 
0.244829 
0.249530 
0.254134 
0.258639 
0.263043 
0.267344 
0.271540 
0.275628 
0.279607 
0.283474 
0.287228 
0.290867 
0.294388 
0.297791 
0.301073 
0.304233 
0.307270 
0.310181 
0.312966 
0.315624 
0.318152 
0.320549 
0.322815 
0.324949 
0.326949 
0.328814 
0.330545 
0.332139 
0.333596 
0.334916 
0.336097 
0.337140 
0.338044 
0.338809 
0.339434 
0.339920 
0.340265 
0.340471 
0.340536 
0.340462 
0.340248 
0.339894 
0.339401 
0.338770 
0.338000 
0.337093 
0.336048 
0.334867 
0.333550 
0.332098 
0.330512 
0.328793 
0.326942 
0.324960 
0.322848 
0.320608 
0.318240 
0.315746 
0.313128 
0.310387 
0.307524 
0.304541 
0.301440 
0.298222 
0.294890 
0.291445 
0.287888 
0.284223 
0.280450 
0.276572 
0.272591 
0.268510 
0.264329 
0.260053 
0.255682 
0.251219 
0.246667 
0.242027 
0.237303 
0.232497 
0.227611 
0.222648 
0.217610 
0.212501 
0.207322 
0.202077 
0.196767 
0.191396 
0.185967 
0.180482 
0.174944 
0.169356 
0.163721 
0.158041 
0.152319 
0.146559 
0.140762 
0.134932 
0.129072 
0.123185 
0.117273 
0.111340 
0.105387 
0.099419 
0.093438 
0.087447 
0.081448 
0.075445 
0.069440 
0.063436 
0.057437 
0.051444 
0.045461 
0.039490 
0.033534 
0.027596 
0.021679 
0.015784 
0.009916 
0.004076 
-0.001733 
-0.007508 
-0.013248 
-0.018948 
-0.024608 
-0.030224 
-0.035795 
-0.041317 
-0.046788 
-0.052207 
-0.057570 
-0.062877 
-0.068124 
-0.073309 
-0.078431 
-0.083487 
-0.088476 
-0.093396 
-0.098244 
-0.103019 
-0.107719 
-0.112342 
-0.116888 
-0.121353 
-0.125737 
-0.130038 
-0.134255 
-0.138386 
-0.142429 
-0.146385 
-0.150250 
-0.154025 
-0.157708 
-0.161298 
-0.164794 
-0.168196 
-0.171501 
-0.174710 
-0.177821 
-0.180835 
-0.183749 
-0.186565 
-0.189280 
-0.191896 
-0.194410 
-0.196823 
-0.199136 
-0.201346 
-0.203455 
-0.205461 
-0.207366 
-0.209169 
-0.210869 
-0.212468 
-0.213965 
-0.215361 
-0.216655 
-0.217849 
-0.218942 
-0.219934 
-0.220828 
-0.221621 
-0.222317 
-0.222914 
-0.223414 
-0.223818 
-0.224125 
-0.224338 
-0.224457 
-0.224482 
-0.224415 
-0.224257 
-0.224009 
-0.223671 
-0.223245 
-0.222732 
-0.222134 
-0.221451 
-0.220685 
-0.219836 
-0.218907 
-0.217899 
-0.216813 
-0.215650 
-0.214413 
-0.213101 
-0.211718 
-0.210264 
-0.208741 
-0.207151 
-0.205495 
-0.203774 
-0.201991 
-0.200147 
-0.198244 
-0.196283 
-0.194266 
-0.192195 
-0.190071 
-0.187897 
-0.185673 
-0.183402 
-0.181086 
-0.178726 
-0.176324 
-0.173882 
-0.171401 
-0.168884 
-0.166331 
-0.163746 
-0.161128 
-0.158482 
-0.155807 
-0.153106 
-0.150381 
-0.147633 
-0.144864 
-0.142076 
-0.139270 
-0.136448 
-0.133612 
-0.130763 
-0.127904 
-0.125035 
-0.122159 
-0.119276 
-0.116389 
-0.113499 
-0.110607 
-0.107716 
-0.104826 
-0.101939 
-0.099057 
-0.096180 
-0.093311 
-0.090450 
-0.087599 
-0.084760 
-0.081933 
-0.079119 
-0.076321 
-0.073539 
-0.070775 
-0.068029 
-0.065302 
-0.062597 
-0.059913 
-0.057251 
-0.054614 
-0.052001 
-0.049414 
-0.046853 
-0.044320 
-0.041815 
-0.039339 
-0.036892 
-0.034476 
-0.032091 
-0.029738 
-0.027417 
-0.025129 
-0.022875 
-0.020655 
-0.018469 
-0.016319 
-0.014203 
-0.012124 
-0.010081 
-0.008074 
-0.006104 
-0.004171 
-0.002275 
-0.000417 
0.001403 
0.003185 
0.004930 
0.006636 
0.008305 
0.009935 
0.011527 
0.013081 
0.014597 
0.016075 
0.017516 
0.018918 
0.020283 
0.021610 
0.022900 
0.024153 
0.025369 
0.026549 
0.027693 
0.028800 
0.029873 
0.030909 
0.031911 
0.032879 
0.033812 
0.034712 
0.035578 
0.036411 
0.037212 
0.037981 
0.038719 
0.039426 
0.040102 
0.040748 
0.041365 
0.041953 
0.042513 
0.043045 
0.043550 
0.044027 
0.044479 
0.044906 
0.045307 
0.045684 
0.046037 
0.046367 
0.046674 
0.046959 
0.047223 
0.047466 
0.047688 
0.047891 
0.048075 
0.048240 
0.048387 
0.048517 
0.048629 
0.048726 
0.048807 
0.048873 
0.048924 
0.048961 
0.048984 
0.048995 
0.048993 
0.048979 
0.048954 
0.048917 
0.048870 
0.048813 
0.048747 
0.048671 
0.048587 
0.048495 
0.048394 
0.048287 
0.048172 
0.048051 
0.047923 
0.047790 
0.047651 
0.047507 
0.047359 
0.047205 
0.047048 
0.046886 
0.046721 
0.046553 
0.046381 
0.046207 
0.046030 
0.045851 
0.045669 
0.045485 
0.045300 
0.045113 
0.044924 
0.044735 
0.044544 
0.044351 
0.044158 
0.043964 
0.043770 
0.043574 
0.043378 
0.043182 
0.042985 
0.042787 
0.042590 
0.042391 
0.042193 
0.041994 
0.041794 
0.041595 
0.041395 
0.041194 
0.040993 
0.040792 
0.040590 
0.040387 
0.040184 
0.039980 
0.039775 
0.039570 
0.039363 
0.039156 
0.038947 
0.038738 
0.038527 
0.038315 
0.038101 
0.037886 
0.037669 
0.037450 
0.037230 
0.037007 
0.036783 
0.036556 
0.036327 
0.036096 
0.035862 
0.035626 
0.035387 
0.035145 
0.034900 
0.034653 
0.034402 
0.034149 
0.033892 
0.033631 
0.033368 
0.033100 
0.032830 
0.032555 
0.032277 
0.031996 
0.031710 
0.031421 
0.031127 
0.030830 
0.030529 
0.030224 
0.029915 
0.029601 
0.029284 
0.028962 
0.028637 
0.028307 
0.027973 
0.027636 
0.027294 
0.026948 
0.026598 
0.026244 
0.025886 
0.025524 
0.025159 
0.024790 
0.024416 
0.024040 
0.023659 
0.023276 
0.022888 
0.022498 
0.022104 
0.021707 
0.021307 
0.020905 
0.020499 
0.020091 
0.019680 
0.019266 
0.018851 
0.018433 
0.018013 
0.017591 
0.017168 
0.016743 
0.016316 
0.015888 
0.015459 
0.015029 
0.014598 
0.014167 
0.013735 
0.013303 
0.012870 
0.012438 
0.012006 
0.011574 
0.011142 
0.010712 
0.010282 
0.009853 
0.009426 
0.009000 
0.008575 
0.008152 
0.007731 
0.007313 
0.006896 
0.006482 
0.006070 
0.005662 
0.005256 
0.004853 
0.004453 
0.004057 
0.003664 
0.003275 
0.002890 
0.002508 
0.002131 
0.001758 
0.001390 
0.001026 
0.000666 
0.000312 
-0.000038 
-0.000383 
-0.000723 
-0.001057 
-0.001387 
-0.001710 
-0.002029 
-0.002341 
-0.002648 
-0.002950 
-0.003245 
-0.003535 
-0.003818 
-0.004096 
-0.004367 
-0.004633 
-0.004892 
-0.005145 
-0.005391 
-0.005631 
-0.005865 
-0.006093 
-0.006314 
-0.006529 
-0.006737 
-0.006939 
-0.007134 
-0.007323 
-0.007506 
-0.007682 
-0.007852 
-0.008015 
-0.008172 
-0.008322 
-0.008467 
-0.008605 
-0.008736 
-0.008862 
-0.008981 
-0.009094 
-0.009201 
-0.009302 
-0.009396 
-0.009485 
-0.009568 
-0.009645 
-0.009717 
-0.009782 
-0.009842 
-0.009897 
-0.009946 
-0.009989 
-0.010027 
-0.010060 
-0.010088 
-0.010111 
-0.010128 
-0.010140 
-0.010148 
-0.010151 
-0.010149 
-0.010143 
-0.010131 
-0.010116 
-0.010096 
-0.010072 
-0.010043 
-0.010011 
-0.009974 
-0.009934 
-0.009889 
-0.009841 
-0.009789 
-0.009734 
-0.009675 
-0.009613 
-0.009547 
-0.009478 
-0.009406 
-0.009330 
-0.009252 
-0.009171 
-0.009087 
-0.009000 
-0.008910 
-0.008818 
-0.008723 
-0.008625 
-0.008525 
-0.008423 
-0.008319 
-0.008212 
-0.008103 
-0.007992 
-0.007879 
-0.007764 
-0.007648 
-0.007529 
-0.007408 
-0.007286 
-0.007162 
-0.007037 
-0.006909 
-0.006781 
-0.006651 
-0.006519 
-0.006386 
-0.006252 
-0.006116 
-0.005979 
-0.005841 
-0.005702 
-0.005562 
-0.005420 
-0.005278 
-0.005135 
-0.004990 
-0.004845 
-0.004699 
-0.004552 
-0.004404 
-0.004255 
-0.004106 
-0.003955 
-0.003805 
-0.003653 
-0.003501 
-0.003349 
-0.003196 
-0.003042 
-0.002888 
-0.002734 
-0.002579 
-0.002424 
-0.002268 
-0.002113 
-0.001957 
-0.001801 
-0.001644 
-0.001488 
-0.001332 
-0.001176 
-0.001019 
-0.000863 
-0.000707 
-0.000551 
-0.000395 
-0.000240 
-0.000085 
0.000069 
0.000223 
0.000377 
0.000530 
0.000682 
0.000834 
0.000985 
0.001135 
0.001284 
0.001432 
0.001579 
0.001725 
0.001870 
0.002014 
0.002156 
0.002297 
0.002436 
0.002574 
0.002710 
0.002845 
0.002977 
0.003108 
0.003237 
0.003364 
0.003488 
0.003610 
0.003730 
0.003848 
0.003963 
0.004075 
0.004185 
0.004292 
0.004396 
0.004497 
0.004595 
0.004690 
0.004781 
0.004869 
0.004954 
0.005036 
0.005113 
0.005187 
0.005257 
0.005324 
0.005386 
0.005444 
0.005498 
0.005548 
0.005594 
0.005635 
0.005672 
0.005705 
0.005732 
0.005756 
0.005774 
0.005787 
0.005796 
0.005800 
0.005799 
0.005793 
0.005781 
0.005765 
0.005744 
0.005717 
0.005685 
0.005648 
0.005605 
0.005558 
0.005505 
0.005446 
0.005382 
0.005313 
0.005239 
0.005159 
0.005074 
0.004983 
0.004887 
0.004786 
0.004680 
0.004568 
0.004451 
0.004329 
0.004202 
0.004070 
0.003933 
0.003791 
0.003644 
0.003492 
0.003336 
0.003175 
0.003009 
0.002839 
0.002664 
0.002486 
0.002303 
0.002116 
0.001925 
0.001731 
0.001533 
0.001331 
0.001126 
0.000918 
0.000706 
0.000492 
0.000275 
0.000055 
-0.000167 
-0.000392 
-0.000619 
-0.000847 
-0.001078 
-0.001310 
-0.001544 
-0.001778 
-0.002014 
-0.002251 
-0.002488 
-0.002726 
-0.002964 
-0.003202 
-0.003441 
-0.003678 
-0.003915 
-0.004152 
-0.004388 
-0.004622 
-0.004855 
-0.005086 
-0.005316 
-0.005544 
-0.005769 
-0.005993 
-0.006213 
-0.006431 
-0.006646 
-0.006857 
-0.007065 
-0.007270 
-0.007471 
-0.007667 
-0.007860 
-0.008048 
-0.008232 
-0.008410 
-0.008584 
-0.008753 
-0.008916 
-0.009074 
-0.009227 
-0.009373 
-0.009514 
-0.009648 
-0.009776 
-0.009898 
-0.010013 
-0.010122 
-0.010224 
-0.010318 
-0.010406 
-0.010487 
-0.010560 
-0.010626 
-0.010684 
-0.010735 
-0.010778 
-0.010814 
-0.010841 
-0.010861 
-0.010873 
-0.010877 
-0.010873 
-0.010861 
-0.010840 
-0.010812 
-0.010775 
-0.010731 
-0.010678 
-0.010617 
-0.010548 
-0.010471 
-0.010385 
-0.010292 
-0.010191 
-0.010081 
-0.009964 
-0.009839 
-0.009706 
-0.009566 
-0.009417 
-0.009261 
-0.009098 
-0.008927 
-0.008749 
-0.008564 
-0.008372 
-0.008173 
-0.007967 
-0.007755 
-0.007536 
-0.007310 
-0.007079 
-0.006841 
-0.006597 
-0.006348 
-0.006093 
-0.005833 
-0.005567 
-0.005297 
-0.005021 
-0.004741 
-0.004457 
-0.004168 
-0.003875 
-0.003578 
-0.003278 
-0.002974 
-0.002668 
-0.002358 
-0.002045 
-0.001730 
-0.001412 
-0.001093 
-0.000771 
-0.000448 
-0.000123 
0.000203 
0.000530 
0.000857 
0.001185 
0.001513 
0.001842 
0.002170 
0.002498 
0.002825 
0.003151 
0.003477 
0.003801 
0.004123 
0.004444 
0.004762 
0.005079 
0.005393 
0.005705 
0.006013 
0.006319 
0.006622 
0.006921 
0.007216 
0.007508 
0.007795 
0.008079 
0.008358 
0.008633 
0.008902 
0.009167 
0.009427 
0.009682 
0.009932 
0.010175 
0.010414 
0.010646 
0.010873 
0.011093 
0.011307 
0.011515 
0.011717 
0.011912 
0.012100 
0.012282 
0.012457 
0.012625 
0.012786 
0.012940 
0.013086 
0.013226 
0.013358 
0.013483 
0.013601 
0.013711 
0.013814 
0.013909 
0.013997 
0.014077 
0.014150 
0.014215 
0.014272 
0.014322 
0.014365 
0.014400 
0.014427 
0.014447 
0.014459 
0.014464 
0.014462 
0.014452 
0.014434 
0.014410 
0.014378 
0.014339 
0.014293 
0.014240 
0.014179 
0.014112 
0.014038 
0.013957 
0.013870 
0.013776 
0.013675 
0.013568 
0.013455 
0.013335 
0.013210 
0.013078 
0.012940 
0.012797 
0.012647 
0.012493 
0.012332 
0.012167 
0.011996 
0.011820 
0.011639 
0.011453 
0.011262 
0.011067 
0.010867 
0.010663 
0.010455 
0.010242 
0.010026 
0.009806 
0.009581 
0.009354 
0.009123 
0.008888 
0.008650 
0.008410 
0.008166 
0.007920 
0.007670 
0.007419 
0.007164 
0.006908 
0.006649 
0.006389 
0.006126 
0.005862 
0.005596 
0.005329 
0.005060 
0.004790 
0.004519 
0.004246 
0.003973 
0.003699 
0.003425 
0.003150 
0.002874 
0.002598 
0.002322 
0.002046 
0.001770 
0.001494 
0.001219 
0.000943 
0.000668 
0.000394 
0.000121 
-0.000152 
-0.000424 
-0.000695 
-0.000965 
-0.001233 
-0.001501 
-0.001767 
-0.002031 
-0.002294 
-0.002555 
-0.002815 
-0.003072 
-0.003328 
-0.003582 
-0.003833 
-0.004083 
-0.004330 
-0.004575 
-0.004817 
-0.005057 
-0.005294 
-0.005528 
-0.005760 
-0.005989 
-0.006214 
-0.006437 
-0.006657 
-0.006874 
-0.007087 
-0.007297 
-0.007504 
-0.007707 
-0.007907 
-0.008103 
-0.008296 
-0.008485 
-0.008670 
-0.008851 
-0.009029 
-0.009202 
-0.009371 
-0.009536 
-0.009697 
-0.009854 
-0.010007 
-0.010155 
-0.010299 
-0.010438 
-0.010573 
-0.010703 
-0.010829 
-0.010950 
-0.011066 
-0.011178 
-0.011285 
-0.011386 
-0.011483 
-0.011575 
-0.011662 
-0.011744 
-0.011821 
-0.011893 
-0.011959 
-0.012021 
-0.012077 
-0.012128 
-0.012173 
-0.012214 
-0.012249 
-0.012278 
-0.012302 
-0.012321 
-0.012335 
-0.012342 
-0.012345 
-0.012342 
-0.012333 
-0.012319 
-0.012300 
-0.012275 
-0.012244 
-0.012208 
-0.012167 
-0.012120 
-0.012067 
-0.012009 
-0.011946 
-0.011877 
-0.011803 
-0.011723 
-0.011638 
-0.011548 
-0.011452 
-0.011351 
-0.011245 
-0.011134 
-0.011018 
-0.010896 
-0.010769 
-0.010638 
-0.010501 
-0.010360 
-0.010214 
-0.010063 
-0.009907 
-0.009747 
-0.009583 
-0.009414 
-0.009240 
-0.009062 
-0.008880 
-0.008695 
-0.008505 
-0.008311 
-0.008113 
-0.007912 
-0.007707 
-0.007498 
-0.007287 
-0.007072 
-0.006854 
-0.006633 
-0.006409 
-0.006182 
-0.005953 
-0.005721 
-0.005487 
-0.005250 
-0.005012 
-0.004772 
-0.004530 
-0.004286 
-0.004040 
-0.003794 
-0.003546 
-0.003297 
-0.003047 
-0.002797 
-0.002546 
-0.002294 
-0.002043 
-0.001791 
-0.001539 
-0.001287 
-0.001036 
-0.000785 
-0.000535 
-0.000286 
-0.000038 
0.000209 
0.000454 
0.000699 
0.000941 
0.001182 
0.001420 
0.001657 
0.001891 
0.002123 
0.002353 
0.002579 
0.002803 
0.003024 
0.003241 
0.003455 
0.003666 
0.003873 
0.004077 
0.004276 
0.004472 
0.004663 
0.004851 
0.005033 
0.005212 
0.005386 
0.005555 
0.005719 
0.005879 
0.006033 
0.006183 
0.006327 
0.006466 
0.006599 
0.006727 
0.006850 
0.006967 
0.007079 
0.007185 
0.007285 
0.007379 
0.007468 
0.007550 
0.007627 
0.007698 
0.007763 
0.007822 
0.007875 
0.007921 
0.007962 
0.007997 
0.008026 
0.008049 
0.008066 
0.008078 
0.008083 
0.008082 
0.008076 
0.008063 
0.008045 
0.008021 
0.007992 
0.007957 
0.007917 
0.007871 
0.007820 
0.007763 
0.007701 
0.007634 
0.007562 
0.007485 
0.007404 
0.007317 
0.007226 
0.007131 
0.007031 
0.006926 
0.006818 
0.006706 
0.006589 
0.006469 
0.006345 
0.006218 
0.006087 
0.005953 
0.005816 
0.005676 
0.005533 
0.005387 
0.005239 
0.005088 
0.004935 
0.004780 
0.004624 
0.004465 
0.004304 
0.004143 
0.003979 
0.003815 
0.003649 
0.003483 
0.003316 
0.003148 
0.002980 
0.002811 
0.002643 
0.002474 
0.002305 
0.002137 
0.001968 
0.001801 
0.001634 
0.001468 
0.001303 
0.001138 
0.000975 
0.000814 
0.000653 
0.000494 
0.000337 
0.000181 
0.000028 
-0.000124 
-0.000274 
-0.000422 
-0.000567 
-0.000710 
-0.000851 
-0.000989 
-0.001125 
-0.001258 
-0.001389 
-0.001517 
-0.001642 
-0.001764 
-0.001883 
-0.001999 
-0.002113 
-0.002223 
-0.002330 
-0.002434 
-0.002535 
-0.002633 
-0.002728 
-0.002819 
-0.002907 
-0.002992 
-0.003074 
-0.003153 
-0.003228 
-0.003301 
-0.003370 
-0.003436 
-0.003498 
-0.003558 
-0.003615 
-0.003668 
-0.003718 
-0.003766 
-0.003810 
-0.003852 
-0.003891 
-0.003926 
-0.003959 
-0.003990 
-0.004017 
-0.004042 
-0.004065 
-0.004085 
-0.004102 
-0.004117 
-0.004130 
-0.004141 
-0.004149 
-0.004155 
-0.004159 
-0.004161 
-0.004162 
-0.004160 
-0.004157 
-0.004152 
-0.004145 
-0.004137 
-0.004127 
-0.004116 
-0.004104 
-0.004090 
-0.004075 
-0.004059 
-0.004042 
-0.004024 
-0.004005 
-0.003985 
-0.003964 
-0.003943 
-0.003921 
-0.003898 
-0.003875 
-0.003851 
-0.003827 
-0.003803 
-0.003778 
-0.003753 
-0.003727 
-0.003701 
-0.003676 
-0.003650 
-0.003624 
-0.003597 
-0.003571 
-0.003545 
-0.003519 
-0.003493 
-0.003467 
-0.003441 
-0.003415 
-0.003389 
-0.003363 
-0.003337 
-0.003312 
-0.003286 
-0.003261 
-0.003235 
-0.003210 
-0.003185 
-0.003160 
-0.003135 
-0.003110 
-0.003084 
-0.003059 
-0.003034 
-0.003009 
-0.002983 
-0.002957 
-0.002931 
-0.002905 
-0.002879 
-0.002852 
-0.002824 
-0.002797 
-0.002769 
-0.002740 
-0.002710 
-0.002680 
-0.002650 
-0.002618 
-0.002586 
-0.002553 
-0.002519 
-0.002484 
-0.002448 
-0.002410 
-0.002372 
-0.002332 
-0.002291 
-0.002249 
-0.002205 
-0.002160 
-0.002113 
-0.002065 
-0.002015 
-0.001963 
-0.001910 
-0.001855 
-0.001798 
-0.001739 
-0.001678 
-0.001615 
-0.001550 
-0.001483 
-0.001414 
-0.001343 
-0.001269 
-0.001194 
-0.001116 
-0.001036 
-0.000953 
-0.000868 
-0.000781 
-0.000692 
-0.000600 
-0.000506 
-0.000410 
-0.000311 
-0.000210 
-0.000107 
-0.000001 
0.000107 
0.000217 
0.000330 
0.000445 
0.000562 
0.000681 
0.000802 
0.000925 
0.001051 
0.001178 
0.001307 
0.001438 
0.001571 
0.001706 
0.001842 
0.001980 
0.002119 
