0.000040 
0.000034 
0.000018 
-0.000004 
-0.000023 
-0.000035 
-0.000035 
-0.000022 
-0.000001 
0.000023 
0.000043 
0.000053 
0.000051 
0.000038 
0.000019 
0.000000 
-0.000011 
-0.000011 
0.000001 
0.000023 
0.000048 
0.000070 
0.000083 
0.000083 
0.000071 
0.000052 
0.000033 
0.000019 
0.000017 
0.000027 
0.000047 
0.000071 
0.000092 
0.000105 
0.000105 
0.000093 
0.000072 
0.000049 
0.000032 
0.000025 
0.000030 
0.000047 
0.000068 
0.000088 
0.000100 
0.000098 
0.000084 
0.000061 
0.000035 
0.000013 
0.000001 
0.000002 
0.000015 
0.000034 
0.000053 
0.000064 
0.000062 
0.000048 
0.000023 
-0.000006 
-0.000031 
-0.000046 
-0.000047 
-0.000036 
-0.000018 
0.000002 
0.000015 
0.000016 
0.000003 
-0.000020 
-0.000049 
-0.000074 
-0.000090 
-0.000092 
-0.000080 
-0.000059 
-0.000036 
-0.000019 
-0.000013 
-0.000022 
-0.000042 
-0.000068 
-0.000092 
-0.000107 
-0.000108 
-0.000094 
-0.000070 
-0.000043 
-0.000021 
-0.000010 
-0.000013 
-0.000030 
-0.000053 
-0.000077 
-0.000091 
-0.000092 
-0.000078 
-0.000052 
-0.000022 
0.000004 
0.000019 
0.000019 
0.000004 
-0.000019 
-0.000044 
-0.000060 
-0.000063 
-0.000051 
-0.000026 
0.000004 
0.000031 
0.000047 
0.000047 
0.000031 
0.000006 
-0.000023 
-0.000044 
-0.000052 
-0.000045 
-0.000024 
0.000004 
0.000030 
0.000045 
0.000045 
0.000027 
-0.000002 
-0.000035 
-0.000062 
-0.000077 
-0.000074 
-0.000057 
-0.000031 
-0.000006 
0.000009 
0.000008 
-0.000010 
-0.000041 
-0.000077 
-0.000109 
-0.000127 
-0.000128 
-0.000112 
-0.000086 
-0.000059 
-0.000041 
-0.000039 
-0.000054 
-0.000084 
-0.000120 
-0.000152 
-0.000171 
-0.000172 
-0.000155 
-0.000126 
-0.000094 
-0.000069 
-0.000060 
-0.000070 
-0.000095 
-0.000128 
-0.000158 
-0.000176 
-0.000175 
-0.000155 
-0.000121 
-0.000083 
-0.000051 
-0.000034 
-0.000037 
-0.000057 
-0.000087 
-0.000115 
-0.000133 
-0.000131 
-0.000110 
-0.000073 
-0.000030 
0.000007 
0.000029 
0.000031 
0.000014 
-0.000015 
-0.000045 
-0.000065 
-0.000066 
-0.000047 
-0.000012 
0.000031 
0.000070 
0.000094 
0.000096 
0.000078 
0.000046 
0.000011 
-0.000015 
-0.000023 
-0.000011 
0.000020 
0.000060 
0.000097 
0.000120 
0.000121 
0.000100 
0.000064 
0.000022 
-0.000012 
-0.000029 
-0.000023 
0.000002 
0.000038 
0.000074 
0.000096 
0.000096 
0.000074 
0.000035 
-0.000011 
-0.000051 
-0.000073 
-0.000073 
-0.000051 
-0.000015 
0.000022 
0.000047 
0.000051 
0.000032 
-0.000006 
-0.000052 
-0.000093 
-0.000117 
-0.000117 
-0.000094 
-0.000055 
-0.000013 
0.000019 
0.000032 
0.000020 
-0.000013 
-0.000055 
-0.000094 
-0.000117 
-0.000115 
-0.000089 
-0.000046 
0.000003 
0.000044 
0.000064 
0.000061 
0.000035 
-0.000004 
-0.000041 
-0.000063 
-0.000062 
-0.000035 
0.000011 
0.000064 
0.000110 
0.000137 
0.000137 
0.000115 
0.000077 
0.000038 
0.000012 
0.000009 
0.000031 
0.000074 
0.000126 
0.000172 
0.000200 
0.000201 
0.000176 
0.000135 
0.000090 
0.000055 
0.000043 
0.000057 
0.000092 
0.000139 
0.000181 
0.000206 
0.000204 
0.000176 
0.000129 
0.000076 
0.000032 
0.000010 
0.000014 
0.000041 
0.000081 
0.000120 
0.000143 
0.000141 
0.000111 
0.000060 
0.000003 
-0.000048 
-0.000077 
-0.000079 
-0.000057 
-0.000018 
0.000021 
0.000046 
0.000047 
0.000021 
-0.000027 
-0.000084 
-0.000134 
-0.000165 
-0.000169 
-0.000146 
-0.000105 
-0.000061 
-0.000028 
-0.000019 
-0.000037 
-0.000077 
-0.000128 
-0.000176 
-0.000205 
-0.000207 
-0.000181 
-0.000136 
-0.000085 
-0.000044 
-0.000025 
-0.000033 
-0.000066 
-0.000111 
-0.000155 
-0.000183 
-0.000184 
-0.000158 
-0.000111 
-0.000057 
-0.000011 
0.000014 
0.000011 
-0.000016 
-0.000060 
-0.000104 
-0.000134 
-0.000140 
-0.000118 
-0.000076 
-0.000024 
0.000022 
0.000047 
0.000046 
0.000018 
-0.000028 
-0.000077 
-0.000114 
-0.000128 
-0.000116 
-0.000081 
-0.000036 
0.000005 
0.000028 
0.000025 
-0.000005 
-0.000054 
-0.000109 
-0.000153 
-0.000176 
-0.000173 
-0.000147 
-0.000108 
-0.000071 
-0.000050 
-0.000054 
-0.000084 
-0.000133 
-0.000189 
-0.000237 
-0.000265 
-0.000267 
-0.000245 
-0.000209 
-0.000172 
-0.000148 
-0.000148 
-0.000172 
-0.000216 
-0.000268 
-0.000314 
-0.000341 
-0.000343 
-0.000321 
-0.000283 
-0.000242 
-0.000213 
-0.000203 
-0.000218 
-0.000253 
-0.000297 
-0.000337 
-0.000360 
-0.000359 
-0.000335 
-0.000295 
-0.000250 
-0.000214 
-0.000196 
-0.000202 
-0.000227 
-0.000264 
-0.000298 
-0.000318 
-0.000317 
-0.000293 
-0.000253 
-0.000207 
-0.000169 
-0.000147 
-0.000148 
-0.000168 
-0.000200 
-0.000232 
-0.000253 
-0.000255 
-0.000236 
-0.000201 
-0.000160 
-0.000125 
-0.000105 
-0.000104 
-0.000123 
-0.000155 
-0.000188 
-0.000212 
-0.000220 
-0.000209 
-0.000183 
-0.000150 
-0.000121 
-0.000104 
-0.000105 
-0.000124 
-0.000156 
-0.000190 
-0.000217 
-0.000230 
-0.000226 
-0.000207 
-0.000182 
-0.000158 
-0.000144 
-0.000146 
-0.000163 
-0.000191 
-0.000223 
-0.000249 
-0.000263 
-0.000262 
-0.000249 
-0.000228 
-0.000207 
-0.000195 
-0.000194 
-0.000206 
-0.000228 
-0.000253 
-0.000274 
-0.000286 
-0.000285 
-0.000274 
-0.000256 
-0.000237 
-0.000224 
-0.000221 
-0.000227 
-0.000241 
-0.000258 
-0.000273 
-0.000281 
-0.000280 
-0.000271 
-0.000256 
-0.000242 
-0.000231 
-0.000227 
-0.000230 
-0.000238 
-0.000249 
-0.000258 
-0.000264 
-0.000263 
-0.000259 
-0.000251 
-0.000243 
-0.000238 
-0.000237 
-0.000240 
-0.000246 
-0.000253 
-0.000258 
-0.000262 
-0.000264 
-0.000264 
-0.000265 
-0.000267 
-0.000270 
-0.000275 
-0.000279 
-0.000283 
-0.000285 
-0.000286 
-0.000286 
-0.000288 
-0.000293 
-0.000301 
-0.000311 
-0.000322 
-0.000332 
-0.000337 
-0.000338 
-0.000333 
-0.000325 
-0.000318 
-0.000316 
-0.000321 
-0.000333 
-0.000349 
-0.000367 
-0.000380 
-0.000385 
-0.000380 
-0.000365 
-0.000346 
-0.000329 
-0.000319 
-0.000321 
-0.000335 
-0.000357 
-0.000381 
-0.000398 
-0.000404 
-0.000394 
-0.000371 
-0.000340 
-0.000312 
-0.000295 
-0.000294 
-0.000311 
-0.000341 
-0.000375 
-0.000402 
-0.000413 
-0.000403 
-0.000375 
-0.000337 
-0.000301 
-0.000278 
-0.000278 
-0.000302 
-0.000344 
-0.000393 
-0.000435 
-0.000457 
-0.000453 
-0.000425 
-0.000382 
-0.000339 
-0.000313 
-0.000314 
-0.000345 
-0.000401 
-0.000467 
-0.000526 
-0.000562 
-0.000565 
-0.000536 
-0.000487 
-0.000436 
-0.000401 
-0.000397 
-0.000431 
-0.000496 
-0.000575 
-0.000648 
-0.000693 
-0.000699 
-0.000665 
-0.000603 
-0.000533 
-0.000481 
-0.000463 
-0.000490 
-0.000554 
-0.000638 
-0.000717 
-0.000766 
-0.000769 
-0.000722 
-0.000639 
-0.000544 
-0.000464 
-0.000424 
-0.000434 
-0.000491 
-0.000576 
-0.000658 
-0.000708 
-0.000706 
-0.000647 
-0.000542 
-0.000419 
-0.000311 
-0.000246 
-0.000240 
-0.000292 
-0.000380 
-0.000471 
-0.000531 
-0.000534 
-0.000471 
-0.000354 
-0.000212 
-0.000083 
-0.000002 
0.000011 
-0.000045 
-0.000149 
-0.000263 
-0.000348 
-0.000372 
-0.000321 
-0.000207 
-0.000060 
0.000077 
0.000164 
0.000173 
0.000102 
-0.000029 
-0.000179 
-0.000303 
-0.000360 
-0.000335 
-0.000233 
-0.000089 
0.000052 
0.000141 
0.000145 
0.000057 
-0.000101 
-0.000288 
-0.000451 
-0.000544 
-0.000542 
-0.000450 
-0.000303 
-0.000150 
-0.000047 
-0.000034 
-0.000123 
-0.000296 
-0.000506 
-0.000695 
-0.000810 
-0.000818 
-0.000722 
-0.000553 
-0.000368 
-0.000229 
-0.000185 
-0.000253 
-0.000418 
-0.000632 
-0.000831 
-0.000952 
-0.000956 
-0.000839 
-0.000634 
-0.000401 
-0.000209 
-0.000116 
-0.000149 
-0.000293 
-0.000502 
-0.000704 
-0.000829 
-0.000829 
-0.000693 
-0.000453 
-0.000173 
0.000070 
0.000210 
0.000210 
0.000078 
-0.000136 
-0.000357 
-0.000505 
-0.000522 
-0.000390 
-0.000138 
0.000168 
0.000441 
0.000605 
0.000615 
0.000473 
0.000226 
-0.000043 
-0.000246 
-0.000313 
-0.000219 
0.000014 
0.000315 
0.000592 
0.000757 
0.000755 
0.000579 
0.000277 
-0.000065 
-0.000348 
-0.000490 
-0.000455 
-0.000261 
0.000022 
0.000294 
0.000456 
0.000439 
0.000231 
-0.000125 
-0.000538 
-0.000898 
-0.001112 
-0.001131 
-0.000965 
-0.000685 
-0.000397 
-0.000213 
-0.000214 
-0.000423 
-0.000802 
-0.001255 
-0.001663 
-0.001919 
-0.001959 
-0.001788 
-0.001473 
-0.001128 
-0.000878 
-0.000816 
-0.000981 
-0.001338 
-0.001790 
-0.002209 
-0.002473 
-0.002504 
-0.002295 
-0.001913 
-0.001478 
-0.001126 
-0.000969 
-0.001058 
-0.001366 
-0.001798 
-0.002214 
-0.002478 
-0.002496 
-0.002250 
-0.001801 
-0.001276 
-0.000824 
-0.000574 
-0.000594 
-0.000868 
-0.001298 
-0.001738 
-0.002036 
-0.002079 
-0.001836 
-0.001362 
-0.000786 
-0.000273 
0.000031 
0.000039 
-0.000243 
-0.000721 
-0.001240 
-0.001629 
-0.001759 
-0.001578 
-0.001135 
-0.000562 
-0.000036 
0.000278 
0.000274 
-0.000058 
-0.000626 
-0.001267 
-0.001793 
-0.002051 
-0.001973 
-0.001594 
-0.001048 
-0.000523 
-0.000207 
-0.000225 
-0.000605 
-0.001260 
-0.002020 
-0.002678 
-0.003059 
-0.003070 
-0.002735 
-0.002185 
-0.001622 
-0.001254 
-0.001233 
-0.001602 
-0.002287 
-0.003109 
-0.003844 
-0.004291 
-0.004334 
-0.003979 
-0.003354 
-0.002674 
-0.002170 
-0.002021 
-0.002296 
-0.002928 
-0.003737 
-0.004482 
-0.004932 
-0.004946 
-0.004509 
-0.003746 
-0.002882 
-0.002175 
-0.001833 
-0.001953 
-0.002484 
-0.003243 
-0.003972 
-0.004411 
-0.004387 
-0.003864 
-0.002959 
-0.001908 
-0.000995 
-0.000462 
-0.000438 
-0.000890 
-0.001637 
-0.002400 
-0.002891 
-0.002900 
-0.002365 
-0.001390 
-0.000222 
0.000830 
0.001483 
0.001576 
0.001118 
0.000287 
-0.000620 
-0.001280 
-0.001441 
-0.001009 
-0.000073 
0.001114 
0.002213 
0.002904 
0.002983 
0.002431 
0.001423 
0.000273 
-0.000655 
-0.001066 
-0.000823 
0.000003 
0.001158 
0.002271 
0.002978 
0.003029 
0.002371 
0.001169 
-0.000241 
-0.001455 
-0.002124 
-0.002065 
-0.001320 
-0.000148 
0.001053 
0.001864 
0.001983 
0.001315 
0.000011 
-0.001577 
-0.002996 
-0.003838 
-0.003864 
-0.003081 
-0.001748 
-0.000298 
0.000792 
0.001154 
0.000641 
-0.000618 
-0.002253 
-0.003761 
-0.004665 
-0.004657 
-0.003703 
-0.002059 
-0.000194 
0.001346 
0.002111 
0.001890 
0.000780 
-0.000832 
-0.002389 
-0.003328 
-0.003261 
-0.002099 
-0.000087 
0.002261 
0.004318 
0.005537 
0.005621 
0.004627 
0.002952 
0.001223 
0.000103 
0.000085 
0.001330 
0.003612 
0.006370 
0.008878 
0.010464 
0.010724 
0.009655 
0.007666 
0.005466 
0.003847 
0.003440 
0.004509 
0.006858 
0.009875 
0.012708 
0.014526 
0.014777 
0.013373 
0.010732 
0.007666 
0.005141 
0.003978 
0.004591 
0.006837 
0.010045 
0.013199 
0.015243 
0.015415 
0.013494 
0.009898 
0.005576 
0.001739 
-0.000509 
-0.000524 
0.001652 
0.005277 
0.009097 
0.011722 
0.012050 
0.009635 
0.004861 
-0.001130 
-0.006746 
-0.010422 
-0.011110 
-0.008640 
-0.003836 
0.001680 
0.005935 
0.007202 
0.004560 
-0.001752 
-0.010311 
-0.018853 
-0.024900 
-0.026513 
-0.022947 
-0.015004 
-0.004952 
0.004004 
0.008590 
0.006453 
-0.003008 
-0.018211 
-0.035517 
-0.049942 
-0.056298 
-0.050506 
-0.030756 
0.001806 
0.043052 
0.086562 
0.124897 
0.151162 
0.160500 
0.151162 
0.124896 
0.086561 
0.043051 
0.001806 
-0.030755 
-0.050505 
-0.056296 
-0.049940 
-0.035515 
-0.018210 
-0.003008 
0.006453 
0.008590 
0.004004 
-0.004951 
-0.015003 
-0.022946 
-0.026511 
-0.024898 
-0.018851 
-0.010310 
-0.001752 
0.004559 
0.007201 
0.005934 
0.001680 
-0.003835 
-0.008639 
-0.011108 
-0.010421 
-0.006745 
-0.001130 
0.004860 
0.009634 
0.012048 
0.011720 
0.009095 
0.005276 
0.001652 
-0.000524 
-0.000509 
0.001739 
0.005575 
0.009896 
0.013492 
0.015411 
0.015239 
0.013196 
0.010043 
0.006836 
0.004590 
0.003977 
0.005140 
0.007664 
0.010729 
0.013369 
0.014773 
0.014522 
0.012704 
0.009872 
0.006856 
0.004508 
0.003439 
0.003846 
0.005465 
0.007664 
0.009652 
0.010721 
0.010461 
0.008875 
0.006368 
0.003611 
0.001330 
0.000085 
0.000103 
0.001223 
0.002951 
0.004625 
0.005619 
0.005535 
0.004317 
0.002260 
-0.000087 
-0.002098 
-0.003260 
-0.003326 
-0.002388 
-0.000832 
0.000780 
0.001889 
0.002110 
0.001345 
-0.000194 
-0.002058 
-0.003702 
-0.004655 
-0.004663 
-0.003760 
-0.002252 
-0.000618 
0.000641 
0.001154 
0.000792 
-0.000298 
-0.001747 
-0.003079 
-0.003862 
-0.003836 
-0.002995 
-0.001576 
0.000011 
0.001314 
0.001982 
0.001863 
0.001052 
-0.000148 
-0.001319 
-0.002064 
-0.002123 
-0.001454 
-0.000241 
0.001169 
0.002370 
0.003027 
0.002976 
0.002270 
0.001157 
0.000003 
-0.000823 
-0.001065 
-0.000655 
0.000273 
0.001422 
0.002430 
0.002981 
0.002902 
0.002212 
0.001113 
-0.000073 
-0.001008 
-0.001440 
-0.001279 
-0.000620 
0.000286 
0.001117 
0.001575 
0.001482 
0.000829 
-0.000221 
-0.001389 
-0.002363 
-0.002898 
-0.002889 
-0.002398 
-0.001635 
-0.000889 
-0.000437 
-0.000462 
-0.000994 
-0.001907 
-0.002957 
-0.003861 
-0.004384 
-0.004408 
-0.003969 
-0.003241 
-0.002482 
-0.001951 
-0.001832 
-0.002173 
-0.002880 
-0.003743 
-0.004505 
-0.004942 
-0.004928 
-0.004478 
-0.003734 
-0.002926 
-0.002294 
-0.002020 
-0.002168 
-0.002672 
-0.003351 
-0.003975 
-0.004330 
-0.004288 
-0.003841 
-0.003106 
-0.002285 
-0.001601 
-0.001231 
-0.001253 
-0.001621 
-0.002183 
-0.002733 
-0.003067 
-0.003056 
-0.002676 
-0.002018 
-0.001259 
-0.000604 
-0.000225 
-0.000206 
-0.000522 
-0.001047 
-0.001593 
-0.001971 
-0.002049 
-0.001791 
-0.001266 
-0.000626 
-0.000058 
0.000273 
0.000278 
-0.000036 
-0.000562 
-0.001134 
-0.001576 
-0.001757 
-0.001628 
-0.001239 
-0.000721 
-0.000243 
0.000039 
0.000031 
-0.000273 
-0.000785 
-0.001360 
-0.001834 
-0.002077 
-0.002033 
-0.001736 
-0.001297 
-0.000867 
-0.000594 
-0.000574 
-0.000823 
-0.001275 
-0.001799 
-0.002247 
-0.002493 
-0.002475 
-0.002212 
-0.001796 
-0.001365 
-0.001056 
-0.000967 
-0.001124 
-0.001476 
-0.001911 
-0.002292 
-0.002501 
-0.002470 
-0.002207 
-0.001788 
-0.001336 
-0.000980 
-0.000815 
-0.000877 
-0.001127 
-0.001471 
-0.001786 
-0.001957 
-0.001916 
-0.001661 
-0.001253 
-0.000801 
-0.000423 
-0.000213 
-0.000213 
-0.000396 
-0.000684 
-0.000964 
-0.001129 
-0.001111 
-0.000897 
-0.000537 
-0.000125 
0.000231 
0.000439 
0.000455 
0.000294 
0.000022 
-0.000261 
-0.000454 
-0.000490 
-0.000347 
-0.000065 
0.000276 
0.000578 
0.000754 
0.000756 
0.000591 
0.000314 
0.000013 
-0.000219 
-0.000313 
-0.000246 
-0.000043 
0.000226 
0.000472 
0.000614 
0.000604 
0.000440 
0.000167 
-0.000137 
-0.000389 
-0.000521 
-0.000504 
-0.000356 
-0.000136 
0.000078 
0.000209 
0.000209 
0.000070 
-0.000173 
-0.000452 
-0.000692 
-0.000827 
-0.000828 
-0.000703 
-0.000501 
-0.000293 
-0.000148 
-0.000116 
-0.000209 
-0.000400 
-0.000633 
-0.000838 
-0.000955 
-0.000950 
-0.000829 
-0.000631 
-0.000418 
-0.000253 
-0.000184 
-0.000229 
-0.000367 
-0.000552 
-0.000720 
-0.000817 
-0.000808 
-0.000694 
-0.000505 
-0.000295 
-0.000123 
-0.000034 
-0.000047 
-0.000150 
-0.000302 
-0.000450 
-0.000541 
-0.000543 
-0.000450 
-0.000288 
-0.000101 
0.000057 
0.000145 
0.000140 
0.000052 
-0.000089 
-0.000233 
-0.000334 
-0.000360 
-0.000302 
-0.000179 
-0.000029 
0.000101 
0.000173 
0.000164 
0.000077 
-0.000060 
-0.000207 
-0.000321 
-0.000371 
-0.000347 
-0.000263 
-0.000148 
-0.000045 
0.000011 
-0.000002 
-0.000083 
-0.000212 
-0.000353 
-0.000470 
-0.000533 
-0.000530 
-0.000470 
-0.000379 
-0.000291 
-0.000240 
-0.000245 
-0.000310 
-0.000418 
-0.000541 
-0.000646 
-0.000705 
-0.000707 
-0.000656 
-0.000574 
-0.000490 
-0.000433 
-0.000423 
-0.000463 
-0.000543 
-0.000638 
-0.000721 
-0.000767 
-0.000765 
-0.000716 
-0.000637 
-0.000553 
-0.000489 
-0.000462 
-0.000480 
-0.000532 
-0.000602 
-0.000664 
-0.000698 
-0.000692 
-0.000646 
-0.000574 
-0.000495 
-0.000430 
-0.000396 
-0.000400 
-0.000435 
-0.000486 
-0.000535 
-0.000564 
-0.000560 
-0.000525 
-0.000466 
-0.000400 
-0.000344 
-0.000313 
-0.000312 
-0.000339 
-0.000381 
-0.000424 
-0.000452 
-0.000456 
-0.000434 
-0.000392 
-0.000343 
-0.000301 
-0.000277 
-0.000278 
-0.000300 
-0.000336 
-0.000374 
-0.000402 
-0.000412 
-0.000401 
-0.000374 
-0.000340 
-0.000310 
-0.000293 
-0.000294 
-0.000311 
-0.000340 
-0.000370 
-0.000393 
-0.000403 
-0.000397 
-0.000380 
-0.000356 
-0.000334 
-0.000320 
-0.000318 
-0.000328 
-0.000345 
-0.000364 
-0.000379 
-0.000384 
-0.000379 
-0.000366 
-0.000349 
-0.000332 
-0.000320 
-0.000315 
-0.000318 
-0.000324 
-0.000332 
-0.000337 
-0.000337 
-0.000331 
-0.000322 
-0.000310 
-0.000300 
-0.000292 
-0.000287 
-0.000286 
-0.000285 
-0.000284 
-0.000282 
-0.000279 
-0.000274 
-0.000269 
-0.000266 
-0.000264 
-0.000263 
-0.000263 
-0.000261 
-0.000257 
-0.000252 
-0.000245 
-0.000240 
-0.000237 
-0.000238 
-0.000243 
-0.000250 
-0.000258 
-0.000263 
-0.000263 
-0.000258 
-0.000248 
-0.000237 
-0.000229 
-0.000226 
-0.000230 
-0.000241 
-0.000256 
-0.000270 
-0.000279 
-0.000280 
-0.000272 
-0.000258 
-0.000241 
-0.000226 
-0.000220 
-0.000224 
-0.000236 
-0.000255 
-0.000273 
-0.000284 
-0.000285 
-0.000273 
-0.000252 
-0.000227 
-0.000206 
-0.000193 
-0.000194 
-0.000207 
-0.000227 
-0.000248 
-0.000262 
-0.000262 
-0.000248 
-0.000222 
-0.000191 
-0.000163 
-0.000146 
-0.000144 
-0.000157 
-0.000181 
-0.000207 
-0.000225 
-0.000229 
-0.000216 
-0.000189 
-0.000155 
-0.000124 
-0.000105 
-0.000104 
-0.000120 
-0.000149 
-0.000182 
-0.000208 
-0.000219 
-0.000212 
-0.000187 
-0.000154 
-0.000123 
-0.000104 
-0.000104 
-0.000125 
-0.000160 
-0.000201 
-0.000235 
-0.000254 
-0.000252 
-0.000231 
-0.000199 
-0.000167 
-0.000147 
-0.000147 
-0.000168 
-0.000207 
-0.000252 
-0.000292 
-0.000316 
-0.000317 
-0.000297 
-0.000263 
-0.000227 
-0.000201 
-0.000196 
-0.000213 
-0.000249 
-0.000294 
-0.000334 
-0.000358 
-0.000358 
-0.000335 
-0.000296 
-0.000252 
-0.000217 
-0.000203 
-0.000212 
-0.000242 
-0.000282 
-0.000320 
-0.000342 
-0.000340 
-0.000312 
-0.000267 
-0.000215 
-0.000171 
-0.000147 
-0.000148 
-0.000171 
-0.000208 
-0.000244 
-0.000266 
-0.000264 
-0.000236 
-0.000188 
-0.000132 
-0.000083 
-0.000054 
-0.000050 
-0.000071 
-0.000108 
-0.000146 
-0.000172 
-0.000176 
-0.000153 
-0.000108 
-0.000054 
-0.000005 
0.000025 
0.000028 
0.000005 
-0.000035 
-0.000081 
-0.000115 
-0.000127 
-0.000113 
-0.000076 
-0.000028 
0.000018 
0.000045 
0.000047 
0.000022 
-0.000024 
-0.000075 
-0.000118 
-0.000139 
-0.000134 
-0.000104 
-0.000059 
-0.000016 
0.000011 
0.000014 
-0.000011 
-0.000057 
-0.000111 
-0.000157 
-0.000183 
-0.000182 
-0.000155 
-0.000111 
-0.000066 
-0.000033 
-0.000025 
-0.000044 
-0.000085 
-0.000135 
-0.000180 
-0.000206 
-0.000204 
-0.000175 
-0.000128 
-0.000077 
-0.000036 
-0.000019 
-0.000028 
-0.000061 
-0.000105 
-0.000145 
-0.000168 
-0.000165 
-0.000134 
-0.000083 
-0.000026 
0.000021 
0.000047 
0.000046 
0.000021 
-0.000018 
-0.000056 
-0.000079 
-0.000077 
-0.000047 
0.000003 
0.000060 
0.000110 
0.000140 
0.000142 
0.000120 
0.000081 
0.000041 
0.000014 
0.000010 
0.000032 
0.000076 
0.000128 
0.000175 
0.000203 
0.000205 
0.000180 
0.000138 
0.000092 
0.000057 
0.000043 
0.000055 
0.000089 
0.000134 
0.000176 
0.000200 
0.000199 
0.000172 
0.000126 
0.000074 
0.000031 
0.000009 
0.000012 
0.000038 
0.000077 
0.000114 
0.000137 
0.000136 
0.000109 
0.000064 
0.000011 
-0.000035 
-0.000061 
-0.000063 
-0.000040 
-0.000004 
0.000034 
0.000060 
0.000064 
0.000044 
0.000003 
-0.000045 
-0.000089 
-0.000115 
-0.000116 
-0.000093 
-0.000055 
-0.000013 
0.000019 
0.000031 
0.000019 
-0.000013 
-0.000055 
-0.000093 
-0.000116 
-0.000116 
-0.000092 
-0.000051 
-0.000006 
0.000032 
0.000051 
0.000047 
0.000022 
-0.000015 
-0.000050 
-0.000072 
-0.000073 
-0.000051 
-0.000011 
0.000035 
0.000074 
0.000096 
0.000095 
0.000073 
0.000038 
0.000002 
-0.000023 
-0.000029 
-0.000012 
0.000022 
0.000063 
0.000100 
0.000120 
0.000119 
0.000097 
0.000060 
0.000020 
-0.000010 
-0.000023 
-0.000015 
0.000011 
0.000046 
0.000078 
0.000096 
0.000093 
0.000070 
0.000031 
-0.000012 
-0.000047 
-0.000066 
-0.000065 
-0.000045 
-0.000015 
0.000014 
0.000031 
0.000029 
0.000007 
-0.000030 
-0.000072 
-0.000109 
-0.000130 
-0.000132 
-0.000115 
-0.000086 
-0.000057 
-0.000037 
-0.000034 
-0.000051 
-0.000083 
-0.000121 
-0.000154 
-0.000174 
-0.000175 
-0.000157 
-0.000127 
-0.000094 
-0.000069 
-0.000060 
-0.000069 
-0.000093 
-0.000125 
-0.000154 
-0.000171 
-0.000170 
-0.000151 
-0.000119 
-0.000083 
-0.000054 
-0.000038 
-0.000041 
-0.000059 
-0.000086 
-0.000112 
-0.000127 
-0.000126 
-0.000108 
-0.000077 
-0.000041 
-0.000010 
0.000008 
0.000009 
-0.000006 
-0.000031 
-0.000057 
-0.000074 
-0.000076 
-0.000062 
-0.000035 
-0.000002 
0.000027 
0.000044 
0.000045 
0.000030 
0.000004 
-0.000024 
-0.000045 
-0.000052 
-0.000044 
-0.000022 
0.000006 
0.000031 
0.000047 
0.000046 
0.000031 
0.000004 
-0.000026 
-0.000051 
-0.000063 
-0.000060 
-0.000043 
-0.000019 
0.000004 
0.000019 
0.000019 
0.000004 
-0.000022 
-0.000052 
-0.000077 
-0.000091 
-0.000091 
-0.000076 
-0.000053 
-0.000030 
-0.000013 
-0.000010 
-0.000021 
-0.000043 
-0.000070 
-0.000094 
-0.000107 
-0.000106 
-0.000092 
-0.000068 
-0.000042 
-0.000022 
-0.000013 
-0.000019 
-0.000036 
-0.000059 
-0.000080 
-0.000091 
-0.000089 
-0.000074 
-0.000048 
-0.000020 
0.000003 
0.000016 
0.000015 
0.000002 
-0.000017 
-0.000036 
-0.000047 
-0.000045 
-0.000031 
-0.000006 
0.000023 
0.000047 
0.000062 
0.000063 
0.000052 
0.000034 
0.000015 
0.000002 
0.000001 
0.000013 
0.000035 
0.000061 
0.000084 
0.000098 
0.000099 
0.000088 
0.000068 
0.000047 
0.000030 
0.000025 
0.000032 
0.000049 
0.000072 
0.000092 
0.000105 
0.000105 
0.000092 
0.000071 
0.000047 
0.000027 
0.000017 
0.000019 
0.000033 
0.000052 
0.000071 
0.000083 
0.000083 
0.000070 
0.000048 
0.000023 
0.000001 
-0.000011 
-0.000011 
0.000000 
0.000019 
0.000038 
0.000051 
0.000053 
0.000043 
0.000023 
-0.000001 
-0.000022 
-0.000035 
-0.000035 
-0.000023 
-0.000004 
0.000018 
0.000034 
