0.000000 
-0.000000 
-0.000000 
-0.000000 
-0.000000 
-0.000000 
-0.000000 
-0.000000 
-0.000000 
-0.000000 
-0.000000 
-0.000000 
-0.000000 
-0.000000 
-0.000000 
-0.000000 
-0.000000 
-0.000000 
-0.000000 
-0.000000 
-0.000000 
-0.000000 
-0.000000 
-0.000000 
-0.000000 
-0.000000 
-0.000000 
-0.000000 
-0.000000 
-0.000000 
-0.000000 
-0.000001 
-0.000001 
-0.000001 
-0.000001 
-0.000001 
-0.000001 
-0.000001 
-0.000001 
-0.000001 
-0.000001 
-0.000002 
-0.000002 
-0.000002 
-0.000002 
-0.000002 
-0.000003 
-0.000003 
-0.000003 
-0.000003 
-0.000003 
-0.000004 
-0.000004 
-0.000004 
-0.000005 
-0.000005 
-0.000005 
-0.000006 
-0.000006 
-0.000007 
-0.000007 
-0.000008 
-0.000008 
-0.000009 
-0.000009 
-0.000010 
-0.000010 
-0.000011 
-0.000011 
-0.000012 
-0.000013 
-0.000013 
-0.000014 
-0.000015 
-0.000016 
-0.000017 
-0.000017 
-0.000018 
-0.000019 
-0.000020 
-0.000021 
-0.000022 
-0.000023 
-0.000024 
-0.000025 
-0.000026 
-0.000028 
-0.000029 
-0.000030 
-0.000031 
-0.000033 
-0.000034 
-0.000035 
-0.000037 
-0.000038 
-0.000040 
-0.000041 
-0.000043 
-0.000044 
-0.000046 
-0.000048 
-0.000050 
-0.000051 
-0.000053 
-0.000055 
-0.000057 
-0.000059 
-0.000061 
-0.000063 
-0.000065 
-0.000067 
-0.000069 
-0.000071 
-0.000074 
-0.000076 
-0.000078 
-0.000081 
-0.000083 
-0.000085 
-0.000088 
-0.000090 
-0.000093 
-0.000096 
-0.000098 
-0.000101 
-0.000104 
-0.000107 
-0.000109 
-0.000112 
-0.000115 
-0.000118 
-0.000121 
-0.000124 
-0.000127 
-0.000130 
-0.000133 
-0.000137 
-0.000140 
-0.000143 
-0.000146 
-0.000150 
-0.000153 
-0.000157 
-0.000160 
-0.000164 
-0.000167 
-0.000171 
-0.000174 
-0.000178 
-0.000181 
-0.000185 
-0.000189 
-0.000193 
-0.000196 
-0.000200 
-0.000204 
-0.000208 
-0.000212 
-0.000216 
-0.000220 
-0.000224 
-0.000228 
-0.000232 
-0.000236 
-0.000240 
-0.000244 
-0.000248 
-0.000252 
-0.000256 
-0.000260 
-0.000264 
-0.000268 
-0.000272 
-0.000277 
-0.000281 
-0.000285 
-0.000289 
-0.000293 
-0.000297 
-0.000302 
-0.000306 
-0.000310 
-0.000314 
-0.000318 
-0.000322 
-0.000327 
-0.000331 
-0.000335 
-0.000339 
-0.000343 
-0.000347 
-0.000351 
-0.000355 
-0.000359 
-0.000363 
-0.000367 
-0.000371 
-0.000375 
-0.000379 
-0.000383 
-0.000387 
-0.000391 
-0.000395 
-0.000398 
-0.000402 
-0.000406 
-0.000409 
-0.000413 
-0.000416 
-0.000420 
-0.000423 
-0.000427 
-0.000430 
-0.000433 
-0.000437 
-0.000440 
-0.000443 
-0.000446 
-0.000449 
-0.000452 
-0.000455 
-0.000457 
-0.000460 
-0.000463 
-0.000465 
-0.000468 
-0.000470 
-0.000473 
-0.000475 
-0.000477 
-0.000479 
-0.000481 
-0.000483 
-0.000485 
-0.000487 
-0.000488 
-0.000490 
-0.000491 
-0.000493 
-0.000494 
-0.000495 
-0.000496 
-0.000497 
-0.000498 
-0.000499 
-0.000499 
-0.000500 
-0.000500 
-0.000501 
-0.000501 
-0.000501 
-0.000501 
-0.000501 
-0.000500 
-0.000500 
-0.000499 
-0.000499 
-0.000498 
-0.000497 
-0.000496 
-0.000495 
-0.000493 
-0.000492 
-0.000490 
-0.000488 
-0.000487 
-0.000485 
-0.000482 
-0.000480 
-0.000478 
-0.000475 
-0.000472 
-0.000470 
-0.000467 
-0.000463 
-0.000460 
-0.000457 
-0.000453 
-0.000449 
-0.000445 
-0.000441 
-0.000437 
-0.000433 
-0.000428 
-0.000424 
-0.000419 
-0.000414 
-0.000409 
-0.000403 
-0.000398 
-0.000392 
-0.000387 
-0.000381 
-0.000375 
-0.000368 
-0.000362 
-0.000355 
-0.000349 
-0.000342 
-0.000335 
-0.000328 
-0.000320 
-0.000313 
-0.000305 
-0.000297 
-0.000289 
-0.000281 
-0.000273 
-0.000265 
-0.000256 
-0.000247 
-0.000238 
-0.000229 
-0.000220 
-0.000211 
-0.000201 
-0.000191 
-0.000182 
-0.000172 
-0.000161 
-0.000151 
-0.000141 
-0.000130 
-0.000119 
-0.000108 
-0.000097 
-0.000086 
-0.000075 
-0.000063 
-0.000052 
-0.000040 
-0.000028 
-0.000016 
-0.000004 
0.000008 
0.000021 
0.000033 
0.000046 
0.000059 
0.000072 
0.000085 
0.000098 
0.000111 
0.000124 
0.000138 
0.000152 
0.000165 
0.000179 
0.000193 
0.000207 
0.000222 
0.000236 
0.000250 
0.000265 
0.000279 
0.000294 
0.000309 
0.000324 
0.000339 
0.000354 
0.000369 
0.000384 
0.000399 
0.000415 
0.000430 
0.000446 
0.000461 
0.000477 
0.000493 
0.000508 
0.000524 
0.000540 
0.000556 
0.000572 
0.000588 
0.000604 
0.000620 
0.000636 
0.000653 
0.000669 
0.000685 
0.000701 
0.000718 
0.000734 
0.000750 
0.000767 
0.000783 
0.000800 
0.000816 
0.000832 
0.000849 
0.000865 
0.000882 
0.000898 
0.000914 
0.000931 
0.000947 
0.000963 
0.000980 
0.000996 
0.001012 
0.001028 
0.001044 
0.001061 
0.001077 
0.001093 
0.001109 
0.001125 
0.001141 
0.001156 
0.001172 
0.001188 
0.001203 
0.001219 
0.001234 
0.001250 
0.001265 
0.001280 
0.001296 
0.001311 
0.001326 
0.001341 
0.001355 
0.001370 
0.001385 
0.001399 
0.001413 
0.001428 
0.001442 
0.001456 
0.001470 
0.001484 
0.001497 
0.001511 
0.001524 
0.001537 
0.001550 
0.001563 
0.001576 
0.001589 
0.001601 
0.001614 
0.001626 
0.001638 
0.001650 
0.001662 
0.001673 
0.001685 
0.001696 
0.001707 
0.001718 
0.001728 
0.001739 
0.001749 
0.001760 
0.001770 
0.001779 
0.001789 
0.001798 
0.001808 
0.001817 
0.001825 
0.001834 
0.001842 
0.001851 
0.001859 
0.001867 
0.001874 
0.001882 
0.001889 
0.001896 
0.001902 
0.001909 
0.001915 
0.001921 
0.001927 
0.001933 
0.001938 
0.001944 
0.001949 
0.001953 
0.001958 
0.001962 
0.001966 
0.001970 
0.001974 
0.001977 
0.001980 
0.001983 
0.001986 
0.001988 
0.001991 
0.001993 
0.001994 
0.001996 
0.001997 
0.001998 
0.001999 
0.002000 
0.002000 
0.002000 
0.002000 
0.001999 
0.001999 
0.001998 
0.001997 
0.001996 
0.001994 
0.001992 
0.001990 
0.001988 
0.001985 
0.001983 
0.001980 
0.001977 
0.001973 
0.001969 
0.001966 
0.001961 
0.001957 
0.001953 
0.001948 
0.001943 
0.001937 
0.001932 
0.001926 
0.001920 
0.001914 
0.001908 
0.001901 
0.001895 
0.001888 
0.001880 
0.001873 
0.001865 
0.001857 
0.001849 
0.001841 
0.001833 
0.001824 
0.001815 
0.001806 
0.001797 
0.001787 
0.001778 
0.001768 
0.001758 
0.001748 
0.001737 
0.001727 
0.001716 
0.001705 
0.001694 
0.001683 
0.001671 
0.001660 
0.001648 
0.001636 
0.001624 
0.001612 
0.001599 
0.001587 
0.001574 
0.001561 
0.001548 
0.001535 
0.001522 
0.001509 
0.001495 
0.001481 
0.001468 
0.001454 
0.001440 
0.001426 
0.001411 
0.001397 
0.001383 
0.001368 
0.001353 
0.001338 
0.001324 
0.001309 
0.001293 
0.001278 
0.001263 
0.001248 
0.001232 
0.001217 
0.001201 
0.001186 
0.001170 
0.001154 
0.001138 
0.001123 
0.001107 
0.001091 
0.001075 
0.001058 
0.001042 
0.001026 
0.001010 
0.000994 
0.000978 
0.000961 
0.000945 
0.000929 
0.000912 
0.000896 
0.000880 
0.000863 
0.000847 
0.000830 
0.000814 
0.000798 
0.000781 
0.000765 
0.000749 
0.000732 
0.000716 
0.000700 
0.000683 
0.000667 
0.000651 
0.000635 
0.000619 
0.000603 
0.000587 
0.000571 
0.000555 
0.000539 
0.000523 
0.000507 
0.000491 
0.000476 
0.000460 
0.000444 
0.000429 
0.000414 
0.000398 
0.000383 
0.000368 
0.000353 
0.000338 
0.000323 
0.000308 
0.000293 
0.000278 
0.000264 
0.000249 
0.000235 
0.000221 
0.000207 
0.000193 
0.000179 
0.000165 
0.000151 
0.000138 
0.000124 
0.000111 
0.000097 
0.000084 
0.000071 
0.000058 
0.000046 
0.000033 
0.000021 
0.000008 
-0.000004 
-0.000016 
-0.000028 
-0.000040 
-0.000052 
-0.000063 
-0.000075 
-0.000086 
-0.000097 
-0.000108 
-0.000119 
-0.000130 
-0.000140 
-0.000150 
-0.000161 
-0.000171 
-0.000181 
-0.000191 
-0.000200 
-0.000210 
-0.000219 
-0.000228 
-0.000237 
-0.000246 
-0.000255 
-0.000263 
-0.000272 
-0.000280 
-0.000288 
-0.000296 
-0.000304 
-0.000311 
-0.000319 
-0.000326 
-0.000333 
-0.000340 
-0.000347 
-0.000354 
-0.000360 
-0.000367 
-0.000373 
-0.000379 
-0.000385 
-0.000390 
-0.000396 
-0.000401 
-0.000407 
-0.000412 
-0.000417 
-0.000422 
-0.000426 
-0.000431 
-0.000435 
-0.000439 
-0.000443 
-0.000447 
-0.000451 
-0.000454 
-0.000458 
-0.000461 
-0.000464 
-0.000467 
-0.000470 
-0.000473 
-0.000475 
-0.000477 
-0.000480 
-0.000482 
-0.000484 
-0.000486 
-0.000487 
-0.000489 
-0.000490 
-0.000492 
-0.000493 
-0.000494 
-0.000495 
-0.000496 
-0.000496 
-0.000497 
-0.000497 
-0.000497 
-0.000498 
-0.000498 
-0.000498 
-0.000497 
-0.000497 
-0.000497 
-0.000496 
-0.000495 
-0.000495 
-0.000494 
-0.000493 
-0.000492 
-0.000491 
-0.000489 
-0.000488 
-0.000487 
-0.000485 
-0.000483 
-0.000482 
-0.000480 
-0.000478 
-0.000476 
-0.000474 
-0.000471 
-0.000469 
-0.000467 
-0.000464 
-0.000462 
-0.000459 
-0.000457 
-0.000454 
-0.000451 
-0.000448 
-0.000445 
-0.000442 
-0.000439 
-0.000436 
-0.000433 
-0.000430 
-0.000427 
-0.000423 
-0.000420 
-0.000416 
-0.000413 
-0.000409 
-0.000406 
-0.000402 
-0.000399 
-0.000395 
-0.000391 
-0.000387 
-0.000384 
-0.000380 
-0.000376 
-0.000372 
-0.000368 
-0.000364 
-0.000360 
-0.000356 
-0.000352 
-0.000348 
-0.000344 
-0.000340 
-0.000336 
-0.000332 
-0.000328 
-0.000324 
-0.000319 
-0.000315 
-0.000311 
-0.000307 
-0.000303 
-0.000299 
-0.000294 
-0.000290 
-0.000286 
-0.000282 
-0.000278 
-0.000274 
-0.000270 
-0.000265 
-0.000261 
-0.000257 
-0.000253 
-0.000249 
-0.000245 
-0.000241 
-0.000237 
-0.000233 
-0.000229 
-0.000225 
-0.000221 
-0.000217 
-0.000213 
-0.000209 
-0.000205 
-0.000202 
-0.000198 
-0.000194 
-0.000190 
-0.000187 
-0.000183 
-0.000179 
-0.000176 
-0.000172 
-0.000168 
-0.000165 
-0.000161 
-0.000158 
-0.000155 
-0.000151 
-0.000148 
-0.000144 
-0.000141 
-0.000138 
-0.000135 
-0.000132 
-0.000128 
-0.000125 
-0.000122 
-0.000119 
-0.000116 
-0.000113 
-0.000111 
-0.000108 
-0.000105 
-0.000102 
-0.000099 
-0.000097 
-0.000094 
-0.000092 
-0.000089 
-0.000087 
-0.000084 
-0.000082 
-0.000079 
-0.000077 
-0.000075 
-0.000072 
-0.000070 
-0.000068 
-0.000066 
-0.000064 
-0.000062 
-0.000060 
-0.000058 
-0.000056 
-0.000054 
-0.000052 
-0.000050 
-0.000049 
-0.000047 
-0.000045 
-0.000044 
-0.000042 
-0.000040 
-0.000039 
-0.000037 
-0.000036 
-0.000035 
-0.000033 
-0.000032 
-0.000031 
-0.000029 
-0.000028 
-0.000027 
-0.000026 
-0.000025 
-0.000024 
-0.000023 
-0.000022 
-0.000021 
-0.000020 
-0.000019 
-0.000018 
-0.000017 
-0.000016 
-0.000015 
-0.000015 
-0.000014 
-0.000013 
-0.000012 
-0.000012 
-0.000011 
-0.000010 
-0.000010 
-0.000009 
-0.000009 
-0.000008 
-0.000008 
-0.000007 
-0.000007 
-0.000006 
-0.000006 
-0.000006 
-0.000005 
-0.000005 
-0.000005 
-0.000004 
-0.000004 
-0.000004 
-0.000003 
-0.000003 
-0.000003 
-0.000003 
-0.000002 
-0.000002 
-0.000002 
-0.000002 
-0.000002 
-0.000002 
-0.000001 
-0.000001 
-0.000001 
-0.000001 
-0.000001 
-0.000001 
-0.000001 
-0.000001 
-0.000001 
-0.000000 
-0.000000 
-0.000000 
-0.000000 
-0.000000 
-0.000000 
-0.000000 
-0.000000 
-0.000000 
-0.000000 
-0.000000 
-0.000000 
-0.000000 
-0.000000 
-0.000000 
-0.000000 
-0.000000 
-0.000000 
-0.000000 
-0.000000 
-0.000000 
-0.000000 
-0.000000 
-0.000000 
-0.000000 
-0.000000 
-0.000000 
-0.000000 
-0.000000 
-0.000000 
-0.000000 
